34 1

35 1
5 0.033199 8 0.002040 10 0.222179 11 0.006161 12 0.017443 13 0.005846 14 0.001588 18 0.489629 19 0.010142 20 0.000772 21 0.001988 22 0.000278 24 0.001792 30 0.003807 
36 1

37 1
17 0.011485 18 0.971068 
38 1

39 1
10 0.031102 11 0.024535 12 0.327056 17 0.048375 18 0.229726 25 0.273845 60 0.059017 
40 1

41 1

42 1

43 1
5 0.122359 10 0.169226 11 0.043956 18 0.327966 21 0.015518 
44 1
2 0.013928 5 0.029269 10 0.327034 11 0.004466 12 0.022225 18 0.504121 19 0.003644 24 0.001474 25 0.005820 
45 1
5 0.204672 6 0.000369 10 0.001490 11 0.048347 12 0.043318 13 0.002058 18 0.022151 21 0.052583 22 0.002476 24 0.000225 28 0.003131 74 0.000652 75 0.014739 
46 1
10 0.414124 11 0.004247 12 0.190975 17 0.037575 18 0.367058 24 0.000172 25 0.000667 
47 1
10 0.003214 18 0.967408 28 0.005593 47 0.000920 70 0.002143 
48 1
5 0.043652 6 0.000739 8 0.004571 10 0.025916 11 0.005721 12 0.086373 13 0.001414 14 0.026910 15 0.000476 17 0.000514 18 0.308742 20 0.000801 21 0.021311 22 0.026175 24 0.001795 28 0.011567 
49 1
5 0.091490 10 0.006775 11 0.029226 12 0.034954 13 0.006715 14 0.007260 18 0.170201 19 0.000358 20 0.001515 21 0.038756 22 0.001713 23 0.000203 24 0.001394 28 0.000596 35 0.000234 
50 1
5 0.056550 11 0.016412 12 0.056771 13 0.000283 17 0.002631 18 0.379849 21 0.023601 22 0.013881 28 0.007600 
51 1
10 0.069159 17 0.015764 18 0.949590 
52 1
8 0.000391 10 0.014546 11 0.001816 12 0.004866 18 0.788171 19 0.002166 20 0.000861 21 0.041783 24 0.000757 25 0.018016 
53 1
12 0.003735 18 0.011627 22 0.010146 24 0.001566 35 0.003171 44 0.015635 57 0.001566 62 0.001446 64 0.002410 66 0.002651 68 0.001732 71 0.012228 72 0.002885 73 0.015119 74 0.003657 75 0.008511 77 0.010558 78 0.048535 80 0.009880 81 0.035060 82 0.001699 
54 1
12 0.050289 13 0.003676 18 0.489193 21 0.003969 22 0.050605 23 0.005277 24 0.022757 25 0.000325 26 0.006049 28 0.083454 30 0.007943 31 0.015500 32 0.005615 34 0.011449 35 0.001332 36 0.004057 38 0.001844 43 0.000325 45 0.001780 47 0.003401 51 0.000841 
55 1
5 0.062846 10 0.054131 11 0.003782 18 0.162964 21 0.012686 28 0.001225 44 1.000000 78 0.000918 79 0.030369 
56 1
18 0.028106 32 0.006168 44 0.016585 51 0.002803 60 0.004028 63 0.009345 66 0.008270 68 0.007915 75 0.031525 76 0.001542 77 0.012454 78 0.009345 80 0.008691 81 0.002383 82 0.003671 
57 1
2 0.000425 5 0.010950 10 0.003964 12 0.021044 14 0.000204 18 0.453026 19 0.003952 21 0.026096 22 0.035883 23 0.001513 24 0.001093 26 0.000772 28 0.068481 29 0.001416 31 0.004542 32 0.006485 35 0.002122 36 0.003674 38 0.000772 47 0.000396 
58 1
5 0.014741 10 0.004617 11 0.002440 12 0.016337 13 0.000275 17 0.004035 18 0.742722 21 0.006462 22 0.012546 28 0.008835 
59 1
18 0.011387 60 0.027125 73 0.086337 77 0.042183 78 0.062763 
60 1
10 0.006321 12 0.010355 13 0.008020 18 0.913480 28 0.019267 
61 1
18 0.065446 20 0.000757 24 0.007069 26 0.000568 27 0.007635 28 0.000639 30 0.020532 35 0.004042 36 0.000656 40 0.000347 45 0.032047 47 0.000462 49 0.009914 50 0.001832 51 0.002272 52 0.004418 53 0.006943 54 0.011996 55 0.001327 56 0.001641 57 0.001136 59 0.047760 60 0.006651 61 0.002474 62 0.004071 63 0.046304 64 0.003030 65 0.080912 66 0.009784 67 0.006824 68 0.016426 69 0.026545 70 0.009027 71 0.000294 72 0.003195 73 0.044620 74 0.002672 75 0.001343 77 0.006428 78 0.001030 
62 1

63 1

64 1

65 1

66 1
27 0.377728 
67 1
18 0.216263 27 0.054098 36 0.027349 
68 1
18 0.051094 26 0.111878 27 0.323978 
69 1
18 0.110414 24 0.001615 25 0.872021 26 0.000595 27 0.005790 28 0.001292 31 0.001751 66 0.000680 
70 1
26 0.010363 27 0.497928 31 0.018841 
71 1
12 0.003828 18 0.024077 22 0.011000 26 0.126818 27 0.383204 31 0.039766 36 0.006715 68 0.003143 
72 1
18 1.000000 
73 1
18 0.012127 27 0.360115 
74 1
18 0.308886 21 0.037839 26 0.006901 27 0.125480 31 0.009700 
75 1
18 0.011295 21 0.122751 22 0.028864 28 0.019309 
76 1
5 0.000677 12 0.002714 17 0.009252 18 0.921997 20 0.000568 56 0.010064 68 0.000405 
77 1
21 0.191657 22 0.021270 31 0.066864 35 0.178664 
78 1
12 0.000377 18 0.002074 28 0.013415 32 0.000628 44 0.029244 47 0.000997 55 0.002263 57 0.000653 60 0.004091 63 0.014618 64 0.025096 65 0.001421 66 0.000879 68 0.000413 69 0.023116 70 0.001708 72 0.013613 73 0.048338 74 0.008427 75 0.003437 76 0.000352 77 0.088284 78 0.118658 80 0.002361 81 0.006255 82 0.001189 
79 1
26 0.392000 27 0.628445 
80 1
5 0.201201 11 0.035438 12 0.002580 21 0.135428 26 0.000733 28 0.001337 
81 1
18 1.000000 
82 1
12 0.027379 18 0.323629 21 0.009717 25 0.009237 26 0.062581 27 0.068237 
83 1
26 1.000000 
84 1
5 0.059809 11 0.009450 12 0.016729 18 0.019720 21 0.088464 23 0.001417 26 0.043129 27 0.133456 31 0.030204 
423 1
18 0.093919 
424 1
10 0.110939 11 0.010317 17 0.867913 19 0.006705 
425 1
10 0.180979 17 0.009151 18 0.826799 
426 1
18 1.000000 56 0.000550 
427 1
5 0.043253 11 0.004301 12 0.131323 13 0.012369 14 0.000936 17 0.002019 18 0.247707 21 0.004159 22 0.033847 23 0.001900 24 0.003398 25 0.000519 28 0.008124 
428 1
12 0.029619 13 0.003556 18 0.109558 21 0.001886 22 0.064668 23 0.003914 24 0.021469 28 0.086880 29 0.003863 31 0.014199 32 0.013716 33 0.002595 34 0.029210 36 0.007159 37 0.001444 42 0.006400 44 0.002656 47 0.023680 50 0.019717 51 0.004970 52 0.004438 53 0.003777 57 0.010933 59 0.004795 60 0.004760 62 0.001093 63 0.028740 64 0.031905 65 0.045331 66 0.003081 67 0.003516 68 0.005306 69 0.041947 72 0.013053 73 0.011112 74 0.004446 76 0.001093 77 0.016886 78 0.002115 80 0.003578 
429 1
5 0.004702 11 0.000301 12 0.003996 13 0.000181 17 0.015514 18 0.942283 
430 1
44 0.015782 
431 1
2 0.000299 10 0.117908 12 0.015298 17 0.011335 18 0.877183 
432 1
8 0.002472 10 0.004142 12 0.103550 13 0.003505 14 0.018405 17 0.011349 18 0.659453 
433 1
10 0.000451 17 0.018129 18 0.970043 
434 1
5 0.090129 10 0.002966 11 0.012384 12 0.030103 17 0.000767 18 0.391302 21 0.016165 22 0.006653 28 0.006237 
435 1
5 0.097086 11 0.013446 12 0.078169 14 0.000883 18 0.056193 20 0.001035 21 0.017095 22 0.023955 28 0.012233 
436 1
17 0.014658 18 0.150516 44 0.020421 69 0.020670 70 0.001496 75 0.026558 77 0.006980 78 0.007508 81 0.008745 82 0.009736 
437 1
10 0.016265 18 1.000000 
455 1
17 0.005926 18 1.000000 
456 1
22 0.173568 
488 1

489 1
5 0.001373 10 0.066361 11 0.001718 12 0.041086 18 0.387635 22 0.001397 24 0.120286 25 0.359697 
490 1
10 0.000350 17 0.011236 18 0.968497 28 0.001147 47 0.000341 55 0.000280 60 0.001519 64 0.001236 72 0.001166 73 0.002462 74 0.000447 82 0.000352 
491 1
12 0.083171 13 0.001201 18 0.124368 22 0.052203 24 0.086877 26 0.000840 27 0.004283 28 0.040084 30 0.090394 31 0.006275 32 0.001184 34 0.030142 36 0.000794 47 0.000439 55 0.002409 57 0.000535 72 0.000793 
492 1
10 0.043160 12 0.007725 17 0.006310 18 0.854663 22 0.005890 23 0.000236 24 0.006765 26 0.000212 28 0.023157 30 0.001527 32 0.000791 38 0.000268 47 0.000162 
493 1
5 0.028560 11 0.001206 12 0.142503 18 0.104589 21 0.008067 22 0.031848 28 0.017438 
494 1
5 0.049130 10 0.002554 11 0.000462 12 0.050774 17 0.001414 18 0.204792 21 0.009105 22 0.016520 23 0.000581 26 0.002797 28 0.014476 
495 1

496 1
5 0.075242 8 0.001026 11 0.015878 12 0.083397 14 0.001749 17 0.000407 18 0.131646 21 0.018182 22 0.030676 24 0.002984 28 0.022994 36 0.000474 
497 1
10 0.032259 17 0.007013 18 0.934281 25 0.000520 
498 1
10 0.162261 18 0.543809 21 0.032849 25 0.128328 28 0.001317 31 0.002205 35 0.009295 36 0.003780 49 0.003829 53 0.002515 74 0.001111 
499 1
5 0.019557 11 0.005576 12 0.052303 13 0.000380 14 0.001984 17 0.001357 18 0.487061 21 0.019724 22 0.018131 24 0.001692 28 0.009118 
500 1
5 0.003068 11 0.000427 12 0.000388 17 0.005759 18 0.960677 
501 1
12 0.008999 17 0.002690 18 0.937936 21 0.001516 22 0.001365 
502 1
10 0.339316 12 0.001142 18 0.008573 25 0.710164 
503 1
18 0.066076 77 0.276144 
504 1
18 0.349963 22 0.011345 28 0.042234 
505 1
10 0.012041 12 0.021755 13 0.000423 17 0.006540 18 0.785299 20 0.000223 21 0.003003 22 0.013678 23 0.000283 28 0.026925 
506 1
18 1.000000 
507 1
5 0.018180 11 0.002484 12 0.081107 13 0.001572 14 0.001626 17 0.003509 18 0.412447 20 0.000301 21 0.003928 22 0.034328 23 0.002194 24 0.004897 26 0.000301 28 0.019264 
508 1
5 0.000409 10 0.308118 17 0.018314 18 0.680847 20 0.000241 
509 1
10 0.147918 11 0.009627 17 0.425932 18 0.344829 19 0.048939 22 0.000717 
510 1
5 0.000491 10 0.203671 11 0.004884 12 0.161689 17 0.004814 18 0.574088 25 0.092514 
511 1
5 0.004978 12 0.068823 17 0.002775 18 0.606339 21 0.000797 22 0.026761 23 0.002856 24 0.000235 28 0.011723 
512 1
12 0.021426 18 0.147515 20 0.002130 21 0.013752 22 0.067328 28 0.137628 31 0.021154 35 0.002858 36 0.024122 72 0.007606 
513 1
5 0.000544 10 0.433769 11 0.003560 12 0.002137 17 0.001730 18 0.419053 
514 1
12 0.175365 18 0.146888 28 0.011662 35 0.063955 
515 1
5 0.040425 10 0.149425 12 0.016903 18 0.481701 21 0.013227 22 0.003347 26 0.011156 28 0.019998 
516 1
5 0.072577 10 0.098740 11 0.002270 12 0.049753 18 0.104232 21 0.030096 22 0.007071 28 0.019860 35 0.000503 44 0.321891 
517 1

518 1
44 0.018878 81 0.025180 
519 1
1 1.000000 
520 1
18 0.013868 60 0.009439 64 0.001334 65 0.019299 68 0.001159 73 0.007013 81 0.014165 
521 1
18 0.143604 
522 1
5 0.002230 10 0.245707 17 0.002785 18 0.586550 21 0.024773 35 0.015379 49 0.000801 
523 1

524 1
12 0.031042 18 0.014265 22 0.501809 
525 1
24 0.098673 25 0.010692 30 0.024963 53 0.008656 76 0.009233 78 0.015551 
526 1
2 0.001803 10 0.240650 11 0.029022 12 0.041674 17 0.232781 19 0.182391 24 0.000271 25 0.160919 26 0.009092 32 0.000407 
527 1
5 0.029568 10 0.019193 12 0.019043 18 0.490861 21 0.003657 22 0.015183 28 0.005642 
528 1
5 0.058606 10 0.303969 12 0.035341 17 0.000233 18 0.156407 21 0.001007 22 0.002236 28 0.009975 44 0.176844 
529 1
5 0.010304 12 0.088208 13 0.009940 14 0.002880 17 0.004818 18 0.180940 21 0.022851 22 0.071755 23 0.004473 24 0.006427 25 0.000287 28 0.075054 29 0.000348 32 0.003376 34 0.001283 36 0.000944 
530 1
10 0.034901 12 0.000858 18 0.586307 25 0.043722 26 0.003368 27 0.002237 29 0.039752 42 0.001155 43 0.005749 
531 1
18 0.003358 19 0.007080 24 0.034648 26 0.006930 30 0.001441 39 0.002202 44 0.001526 47 0.010862 50 0.004576 52 0.004463 60 0.001787 61 0.005774 63 0.020072 64 0.023587 65 0.008730 66 0.001866 69 0.009322 70 0.005331 73 0.040141 77 0.004736 78 0.023439 81 0.000733 82 0.006175 
532 1
5 0.096455 10 0.130789 11 0.009484 12 0.107574 18 0.088913 21 0.000579 22 0.012337 24 0.001941 28 0.086182 44 0.018299 80 0.004193 
533 1
78 0.030991 
534 1
5 0.002993 8 0.000442 12 0.159998 13 0.027799 14 0.006641 18 0.216368 19 0.003988 20 0.000839 22 0.044983 23 0.006924 24 0.006774 28 0.018114 
535 1
12 0.287848 18 0.200181 22 0.014973 24 0.016972 
536 1
2 0.084674 10 0.545836 11 0.004506 17 0.002655 18 0.395085 
537 1
5 0.008808 12 0.055934 18 0.398515 22 0.017191 
538 1
10 0.122362 11 0.008642 12 0.000725 18 0.619153 19 0.008344 20 0.001109 24 0.016984 27 0.001889 30 0.001598 
539 1
18 0.123845 23 0.076177 
540 1
12 0.296189 18 0.238654 22 0.059907 28 0.010444 
541 1
10 0.023617 12 0.002825 17 0.012529 18 0.763898 22 0.000220 25 0.231749 
542 1
18 0.591846 
543 1
5 0.002428 12 0.113504 17 0.000874 18 0.096556 21 0.001410 22 0.037715 24 0.006163 27 0.001299 28 0.039733 47 0.001255 66 0.002722 
544 1
5 0.033937 10 0.437656 11 0.012927 17 0.008473 18 0.477558 
545 1
12 0.073529 
546 1
5 0.002944 8 0.006890 12 0.127236 13 0.048598 14 0.032699 18 0.323264 19 0.008618 20 0.000220 22 0.008942 24 0.008131 28 0.002753 
547 1
12 0.032817 17 0.003664 18 0.680320 22 0.050257 24 0.007706 28 0.054313 37 0.001976 
548 1
5 0.139099 10 0.034811 11 0.016170 12 0.058489 18 0.065699 21 0.079748 22 0.004299 28 0.009211 
549 1
5 0.021811 12 0.068616 13 0.003655 17 0.010059 18 0.662153 21 0.001455 22 0.016958 28 0.009973 
550 1
10 0.196129 11 0.006405 17 0.007941 18 0.831163 
551 1
2 0.000234 10 0.872542 11 0.007572 18 0.130019 
552 1
5 0.097284 11 0.026098 12 0.100856 17 0.145511 18 0.055667 21 0.048058 22 0.011902 24 0.004466 28 0.010341 
553 1
5 0.001283 12 0.033243 18 0.111786 21 0.003267 22 0.033411 23 0.002019 24 0.013619 26 0.007232 28 0.103256 30 0.001689 31 0.002461 32 0.001523 36 0.002636 47 0.005215 57 0.003384 60 0.001215 64 0.003553 77 0.006231 
621 1
5 0.035137 8 0.000439 11 0.011958 12 0.042732 14 0.002281 18 0.153701 20 0.001141 21 0.052314 22 0.032430 23 0.000419 24 0.000614 26 0.022784 27 0.004142 28 0.041904 32 0.001053 36 0.000527 
622 1
5 0.002917 10 0.022608 17 0.002889 18 0.958878 
623 1
18 0.228510 
624 1
5 0.006415 10 0.019865 12 0.127702 18 0.219531 22 0.032047 25 0.450962 28 0.037445 
625 1
12 0.421525 
626 1
10 0.088489 17 0.009723 18 0.859072 21 0.002813 35 0.002892 49 0.003809 53 0.004244 
627 1
10 0.214758 11 0.000213 17 0.001578 18 0.805049 25 0.002386 
628 1
5 0.018380 11 0.000639 12 0.001774 17 0.006123 18 0.905621 21 0.000235 
629 1
18 0.119963 22 0.015881 
630 1
5 0.006473 12 0.077248 13 0.014705 14 0.001771 18 0.144713 20 0.048884 21 0.014845 22 0.063896 23 0.003140 24 0.004403 26 0.001442 27 0.002725 28 0.055804 29 0.003001 31 0.009529 32 0.000936 
631 1
5 0.014259 11 0.000582 12 0.032250 13 0.003467 17 0.007236 18 0.621891 21 0.010629 22 0.017664 26 0.003611 28 0.002763 
632 1
5 0.010024 10 0.226893 11 0.000313 12 0.001647 14 0.000198 17 0.001763 18 0.558111 21 0.020884 22 0.000231 25 0.002351 44 0.034882 80 0.002272 
633 1
12 0.070815 18 0.577075 20 0.001506 21 0.001889 22 0.024372 24 0.001896 28 0.021223 30 0.001206 
634 1
2 0.000387 5 0.114842 10 0.104976 11 0.019069 12 0.022045 18 0.322101 21 0.019200 
798 1
12 0.186047 18 0.386505 
799 1
17 0.009492 18 0.966769 
800 1
5 0.022784 12 0.137840 18 0.083136 22 0.009301 28 0.056583 
801 1
2 0.059997 5 0.183648 10 0.198402 11 0.036820 12 0.001531 18 0.002206 21 0.021069 25 0.022267 
802 1
10 0.141247 18 0.305034 22 0.033240 28 0.013435 
803 1
10 0.283048 18 0.740396 26 0.026439 
804 1
5 0.033601 11 0.000651 12 0.055139 13 0.011616 14 0.000847 17 0.004789 18 0.423620 21 0.003568 22 0.016990 24 0.000726 26 0.004025 27 0.001116 28 0.003460 
805 1
5 0.002690 12 0.026109 17 0.003724 18 0.840633 22 0.007783 26 0.002085 28 0.006408 
806 1
26 0.002708 73 0.010653 77 0.066806 78 0.000813 81 0.002031 82 0.018048 
807 1
17 0.010258 18 0.971706 
808 1
10 0.016141 17 0.001098 18 0.055383 81 0.013806 
809 1
5 0.242460 10 0.100839 11 0.060542 12 0.000939 13 0.000509 18 0.017811 21 0.054498 28 0.000544 
810 1
5 0.064319 10 0.165774 11 0.009063 12 0.000131 18 0.114426 21 0.122433 28 0.000498 35 0.004041 44 0.000498 
811 1
2 0.001957 5 0.019215 10 0.816816 11 0.034563 18 0.134900 
812 1
5 0.164752 10 0.135563 11 0.019133 18 0.135050 21 0.023479 44 0.012915 80 0.001685 
813 1
10 0.565916 82 0.021053 
814 1
5 0.067632 10 0.231920 11 0.005127 18 0.276694 21 0.039658 25 0.012978 44 0.079823 
815 1
12 0.195055 22 0.052329 26 0.112637 28 0.262400 
816 1
5 0.015237 11 0.001540 12 0.050207 13 0.010604 14 0.004011 17 0.005245 18 0.651037 21 0.004336 22 0.013238 27 0.000244 28 0.004587 
817 1
5 0.039431 10 0.199153 11 0.011761 12 0.001733 17 0.017723 18 0.171265 21 0.002218 22 0.051783 25 0.288482 26 0.000770 27 0.029572 28 0.006131 
818 1
5 0.002187 10 0.038870 17 0.002346 18 0.790467 21 0.042711 35 0.004421 
819 1
5 0.003396 12 0.001089 17 0.007970 18 0.951118 
820 1
10 0.979863 11 0.007043 25 0.007603 
821 1
8 0.003664 10 0.136999 11 0.012364 12 0.301055 17 0.016350 18 0.440328 25 0.069182 
822 1
5 0.025790 11 0.003259 12 0.006758 17 0.003983 18 0.695690 21 0.010774 22 0.005753 28 0.008170 
823 1
18 1.000000 56 0.004277 
824 1
5 0.035374 11 0.001001 12 0.061076 13 0.000839 14 0.009798 17 0.000260 18 0.330503 20 0.000327 21 0.025902 22 0.028590 23 0.001292 24 0.002011 28 0.042341 32 0.000791 
825 1
5 0.027596 11 0.001353 17 0.005021 18 0.900931 
826 1

827 1
10 0.134691 12 0.001401 17 0.104154 18 0.117879 19 0.009243 24 0.012130 25 0.595862 26 0.000330 
828 1
12 0.001703 17 0.000371 18 0.484245 22 0.015488 24 0.006485 28 0.045322 32 0.004961 38 0.006993 47 0.014395 50 0.013817 51 0.002361 52 0.002665 54 0.000944 55 0.009242 56 0.000608 57 0.001793 59 0.007340 60 0.003893 63 0.031967 64 0.044555 65 0.002470 68 0.004172 69 0.022191 72 0.012676 73 0.002717 74 0.000573 77 0.003894 
829 1
18 1.000000 
830 1
17 0.001066 18 0.977475 28 0.000443 56 0.000346 
831 1
5 0.003183 8 0.002866 12 0.155395 13 0.062846 14 0.020495 18 0.202878 19 0.001718 22 0.001371 24 0.015268 25 0.001164 27 0.000851 28 0.000298 
832 1
5 0.057375 10 0.048305 12 0.045931 18 0.182599 22 0.007962 25 0.068268 26 0.090552 27 0.011766 28 0.045498 
833 1
5 0.005365 8 0.011203 12 0.119349 13 0.007809 14 0.066817 18 0.212135 19 0.007301 20 0.021961 22 0.042443 23 0.000548 24 0.018568 28 0.014261 
834 1
5 0.055012 10 0.200555 11 0.003089 12 0.000998 18 0.246706 21 0.049745 25 0.038141 28 0.040167 44 0.010477 
835 1
5 0.029973 10 0.050334 11 0.001063 12 0.000480 17 0.000837 18 0.326180 21 0.000307 25 0.006365 28 0.299473 44 0.357867 
836 1
10 0.615033 11 0.005094 17 0.004390 18 0.395723 
837 1
5 0.136233 10 0.022592 11 0.028526 18 0.020302 21 0.111126 28 0.000302 35 0.002760 44 0.002243 49 0.002084 80 0.001838 
838 1
5 0.093759 10 0.319985 11 0.017372 12 0.001117 18 0.101774 21 0.035249 28 0.000494 
839 1
5 0.039932 8 0.001059 10 0.047785 11 0.006262 12 0.066392 13 0.000207 14 0.021350 18 0.106308 20 0.000469 21 0.072958 22 0.022708 24 0.004201 28 0.015674 35 0.000335 53 0.000434 
840 1
5 0.018974 12 0.087521 18 0.122904 21 0.022658 22 0.030967 24 0.051738 26 0.000851 28 0.094332 29 0.002611 30 0.032920 32 0.000851 34 0.007889 36 0.011550 51 0.003531 57 0.002723 64 0.000553 
841 1
5 0.111857 10 0.188590 11 0.003425 14 0.000446 18 0.256895 21 0.008657 25 0.048592 28 0.065082 44 0.087420 80 0.000949 
842 1
5 0.105828 10 0.140953 11 0.021921 18 0.188067 21 0.023610 25 0.010298 28 0.043334 44 0.003460 80 0.002239 
843 1
5 0.177784 10 0.026794 11 0.037543 12 0.000970 18 0.082227 21 0.079687 25 0.010692 28 0.015778 35 0.005538 44 0.018308 49 0.000322 80 0.003188 
844 1
5 0.065040 12 0.144520 14 0.006683 18 0.058004 22 0.007410 24 0.001966 26 0.030665 28 0.003186 
845 1
5 0.221954 10 0.052071 11 0.063877 12 0.002334 18 0.056320 21 0.060259 25 0.000396 28 0.013044 44 0.000421 
846 1
5 0.160534 10 0.093879 11 0.025436 12 0.002993 18 0.119124 21 0.044043 25 0.008193 28 0.080937 44 0.064501 
847 1
5 0.216297 10 0.007229 11 0.044115 12 0.006614 14 0.000681 17 0.004386 18 0.045120 21 0.061218 28 0.074604 44 0.006248 80 0.003758 
848 1
12 0.012534 18 0.041847 19 0.000947 22 0.029712 23 0.003152 24 0.065563 25 0.033949 27 0.000710 28 0.044468 30 0.077841 31 0.023289 32 0.006665 34 0.065071 36 0.010974 38 0.002851 39 0.002526 40 0.000461 41 0.043735 45 0.036174 46 0.002328 47 0.050900 51 0.002306 55 0.000923 64 0.001467 65 0.001997 
2031 1
5 0.044868 10 0.004284 11 0.007018 12 0.010786 17 0.003682 18 0.628245 21 0.017301 
2032 1
18 1.000000 28 0.007365 
2033 1
5 0.054322 10 0.151276 11 0.010080 12 0.000709 18 0.086813 21 0.071490 25 0.006703 28 0.222694 35 0.000402 
2034 1
5 0.049499 6 0.000442 10 0.000929 11 0.007707 12 0.036822 18 0.473973 21 0.006626 22 0.006667 
2035 1
5 0.007231 10 0.092485 17 0.000704 18 0.153559 21 0.121009 22 0.000254 28 0.012509 31 0.003609 32 0.000463 35 0.096174 36 0.018609 49 0.000521 53 0.000627 
2036 1
5 0.070481 10 0.315216 11 0.011307 17 0.003629 18 0.261149 21 0.000257 25 0.160938 44 0.001214 80 0.001056 
3365 1
20 0.002329 21 0.048602 22 0.119783 24 0.005823 28 0.073648 
3366 1
10 0.017395 11 0.042418 12 0.039936 18 0.286791 19 0.075527 20 0.000363 24 0.002912 25 0.410841 
3367 1
5 0.001946 10 0.007353 12 0.002707 17 0.011453 18 0.840332 21 0.000447 
3396 1
18 0.183994 28 0.950513 
3397 1
10 0.102805 17 0.006888 18 0.910865 25 0.011783 
4003 1
12 0.110814 13 0.009944 18 0.154055 21 0.008802 22 0.053247 26 0.004203 28 0.007189 
4004 1
69 0.072043 70 0.017732 74 0.039653 75 0.019675 78 0.031437 80 0.004876 81 0.014184 82 0.004912 
4005 1
5 0.005242 10 0.000173 12 0.035327 14 0.002348 17 0.006203 18 0.621390 21 0.016931 22 0.020472 24 0.000615 28 0.024240 
4006 1
2 0.000835 10 0.075001 18 0.868420 19 0.025112 25 0.004885 36 0.001449 
4007 1
5 0.008104 11 0.000694 12 0.002329 18 0.374502 19 0.000809 21 0.064412 24 0.004692 25 0.000560 35 0.068017 36 0.014041 48 0.004041 52 0.015019 53 0.004281 
4008 1
5 0.025801 11 0.003923 12 0.108211 13 0.024669 14 0.006221 18 0.112898 19 0.001008 20 0.000247 21 0.022640 22 0.050256 23 0.000456 24 0.003099 28 0.031463 
4009 1
24 0.047030 28 0.001461 30 0.045916 34 0.006638 36 0.003030 41 0.010572 45 0.016242 46 0.007302 47 0.011077 49 0.002202 50 0.004403 51 0.009844 52 0.008739 53 0.007908 54 0.001989 55 0.002863 57 0.006394 58 0.015538 59 0.044505 62 0.005469 63 0.040546 64 0.014976 65 0.053110 67 0.003537 69 0.029970 70 0.018343 71 0.003517 72 0.007307 73 0.071696 74 0.029030 75 0.021996 77 0.043384 78 0.003819 80 0.003702 81 0.001767 
4010 1
10 0.522828 11 0.004989 17 0.031174 18 0.455142 
4011 1
5 0.007319 10 0.013403 17 0.010795 18 0.879519 21 0.003007 
4012 1
5 0.063999 10 0.009796 11 0.021670 12 0.058475 13 0.001137 18 0.206836 20 0.000337 21 0.025557 22 0.017143 28 0.010869 
4013 1
17 0.007558 18 0.963644 
4014 1
10 0.699422 11 0.002398 17 0.001086 18 0.078732 28 0.040093 65 0.000846 
4015 1
10 0.441059 17 0.010772 18 0.565731 
4016 1
10 0.002336 12 0.067777 17 0.011411 18 0.274646 24 0.001930 25 0.637003 
4017 1
17 0.006889 18 0.963187 22 0.000727 64 0.000580 
4018 1
5 0.001053 10 0.218212 11 0.001319 17 0.008353 18 0.814629 
4019 1
12 0.131849 18 0.222159 22 0.022316 28 0.334536 
4020 1
2 0.080202 10 0.671372 11 0.019990 12 0.194240 13 0.007819 18 0.017971 
4021 1

4022 1
18 0.632094 21 0.015756 22 0.012741 28 0.092748 36 0.014607 47 0.013281 
4023 1
5 0.251236 11 0.103264 12 0.020770 13 0.005475 17 0.001792 18 0.029235 21 0.013961 22 0.000164 
4024 1
18 0.683406 
4025 1
5 0.004256 17 0.012260 18 0.959490 
4026 1
5 0.000352 8 0.000455 12 0.088923 13 0.048180 18 0.179443 19 0.016053 21 0.002461 22 0.077715 23 0.029550 24 0.008512 25 0.005923 28 0.059424 29 0.011005 30 0.000490 31 0.006605 38 0.000964 
4027 1
18 0.266285 
4028 1

4029 1
18 1.000000 
4030 1
5 0.299575 11 0.071328 12 0.018823 17 0.029054 18 0.001527 21 0.007750 
4031 1
18 0.024662 44 0.009976 49 0.009123 60 0.006008 69 0.192687 73 0.146107 74 0.070979 77 0.014095 
4032 1
10 1.000000 
4033 1
10 0.001808 12 0.001679 17 0.013089 18 0.897673 20 0.000129 21 0.005711 22 0.002942 28 0.011468 31 0.001238 32 0.001068 35 0.003934 36 0.001935 53 0.000188 
4034 1
12 0.004659 18 0.009104 22 0.006436 25 0.983770 26 0.003106 28 0.003746 
4035 1
5 0.016607 11 0.001599 18 0.794492 21 0.017212 22 0.005488 
4036 1
5 0.077036 11 0.023778 12 0.028054 13 0.000565 14 0.000230 17 0.001146 18 0.234291 20 0.000598 21 0.072125 22 0.007696 24 0.000184 28 0.011042 
4037 1
12 0.086795 18 0.053180 22 0.048478 24 0.021699 28 0.016150 
4038 1
17 0.011646 18 0.931309 43 0.000218 49 0.001047 56 0.001089 68 0.001008 
4039 1
10 0.068325 11 0.001351 12 0.097111 17 0.031160 18 0.786631 
4040 1
17 0.003217 18 0.219961 24 0.236289 25 0.583088 
4041 1
5 0.000235 8 0.002425 12 0.122129 13 0.038102 14 0.020651 18 0.242046 19 0.016540 20 0.002658 22 0.015766 23 0.000746 24 0.019267 25 0.001455 27 0.000192 28 0.007126 30 0.003057 32 0.000245 34 0.001788 
4042 1
5 0.030561 11 0.001898 12 0.142193 13 0.024014 14 0.006367 17 0.003630 18 0.300948 20 0.000577 21 0.007221 22 0.015820 23 0.000661 24 0.000704 28 0.006160 
4043 1
5 0.046056 11 0.010962 12 0.126152 13 0.014575 14 0.001356 17 0.006209 18 0.122259 21 0.014421 22 0.041157 23 0.004559 24 0.006167 27 0.000968 28 0.024664 
4044 1
18 0.001167 24 0.000707 25 1.000000 
4045 1
5 0.001521 8 0.000245 12 0.050919 13 0.020426 14 0.001592 15 0.001252 18 0.131721 19 0.003361 20 0.000892 22 0.003542 23 0.001002 24 0.056884 25 0.004309 28 0.000354 30 0.014902 34 0.009419 35 0.001596 
4046 1
5 0.035970 10 0.003285 11 0.001908 12 0.034850 13 0.001220 17 0.007205 18 0.690043 21 0.001555 22 0.001466 24 0.000337 26 0.013274 27 0.000531 
4047 1
12 0.040286 13 0.001850 18 0.567219 22 0.067422 23 0.011757 24 0.011943 28 0.079408 29 0.001801 30 0.011080 32 0.015740 38 0.003963 43 0.000826 47 0.004371 51 0.000771 55 0.000826 60 0.010227 77 0.002040 
4048 1
8 0.000606 10 0.022414 11 0.001561 12 0.045423 18 0.829301 24 0.001190 25 0.103374 26 0.000149 
4049 1
10 0.488285 12 0.007867 18 0.502836 28 0.003218 44 0.006854 
4050 1
18 0.056575 22 0.144835 24 0.025126 28 0.494513 30 0.050168 32 0.022613 80 0.016332 
4051 1
17 0.627030 30 0.005327 36 0.000550 41 0.004028 46 0.002435 47 0.001719 48 0.003229 51 0.000596 53 0.000574 54 0.008077 55 0.004884 56 0.001872 59 0.002905 60 0.002326 62 0.000773 64 0.002495 65 0.016465 66 0.001126 68 0.000771 69 0.006297 70 0.003091 72 0.000564 74 0.002434 75 0.001895 76 0.000662 
4052 1
5 0.003074 12 0.111532 13 0.021829 14 0.004259 18 0.357444 19 0.010673 20 0.007887 22 0.040495 23 0.003183 24 0.026700 28 0.016954 30 0.000429 32 0.000158 
4053 1
5 0.007401 12 0.007291 17 0.011580 18 0.906160 
4054 1
10 0.454467 11 0.003508 12 0.001844 17 0.479360 25 0.004262 32 0.001658 
4055 1
5 0.040013 11 0.001229 12 0.113100 13 0.018134 14 0.000458 17 0.002048 18 0.121683 21 0.024946 22 0.036876 24 0.000733 28 0.043079 
4056 1
10 0.047045 17 0.004709 18 0.810612 28 0.001814 36 0.000772 44 0.219568 76 0.002263 
4057 1
11 0.003566 12 0.050873 17 0.193527 18 0.000239 19 0.722743 20 0.003243 
4058 1
5 0.013561 6 0.000263 11 0.000914 12 0.138525 13 0.015347 14 0.003369 17 0.006799 18 0.322493 21 0.005514 22 0.025660 23 0.000731 24 0.008423 26 0.004266 28 0.030299 29 0.001294 32 0.000284 36 0.002091 45 0.001816 
4059 1
5 0.003786 12 0.048778 13 0.004119 14 0.001321 18 0.219891 19 0.002022 21 0.013870 22 0.074012 23 0.007030 24 0.012002 28 0.078239 30 0.001008 47 0.000978 60 0.002004 
4060 1
10 0.501748 18 0.214032 21 0.009472 28 0.327652 
4061 1
5 0.005532 10 0.032141 11 0.000242 12 0.009168 13 0.002455 17 0.020615 18 0.822004 19 0.007867 21 0.003344 22 0.000615 35 0.000263 
4062 1
12 0.141388 18 0.363845 22 0.009450 
4073 1
2 0.003924 5 0.002415 10 0.164302 12 0.009505 14 0.000716 18 0.409189 22 0.018578 25 0.354264 
6034 1
12 0.060799 18 0.139138 22 0.068229 28 0.110311 30 0.019629 
6035 1
5 0.001578 10 0.030682 11 0.076833 12 0.475374 13 0.004895 17 0.172399 18 0.031047 21 0.166784 25 0.042738 
6036 1
18 0.215831 44 0.002821 78 0.010102 81 0.045149 
6037 1
12 0.603053 22 0.049743 28 0.149137 
6038 1
12 0.089412 
6039 1
5 0.261783 10 0.007660 11 0.062067 12 0.012152 17 0.018231 18 0.003042 21 0.072015 
6040 1
17 0.020028 18 0.960118 20 0.000173 
6041 1
18 0.024664 51 0.002007 55 0.002472 60 0.001922 64 0.009958 68 0.012283 69 0.107166 73 0.090135 74 0.001480 77 0.123762 78 0.004927 82 0.009642 
6042 1
10 0.726059 12 0.006399 18 0.185962 22 0.002323 44 0.058321 64 0.001876 80 0.004854 
6043 1
5 0.058964 8 0.000399 10 0.001014 11 0.018237 12 0.106881 13 0.007109 14 0.032838 17 0.002783 18 0.104924 20 0.002017 21 0.021977 22 0.011103 24 0.000183 28 0.006867 
6044 1
5 0.036425 18 0.079085 
6045 1
10 0.102803 17 0.001410 18 0.930027 
6046 1
12 0.633700 18 0.109973 
6066 1
8 0.000120 10 0.425243 11 0.007380 12 0.016752 13 0.000184 17 0.097255 18 0.453740 19 0.005268 25 0.003606 
6067 1

6068 1

6069 1

6070 1
10 0.707875 18 0.308689 
6071 1
11 0.044337 12 0.021281 18 0.103046 19 0.015224 22 0.033216 25 0.790494 26 0.002083 29 0.001162 
6072 1
10 0.540626 11 0.004520 12 0.003867 17 0.449634 
6073 1
5 0.020080 12 0.001270 18 0.515522 21 0.135811 35 0.001114 
6074 1

6075 1
5 0.143769 11 0.028760 12 0.000639 17 0.061922 21 0.093656 35 0.001214 
6076 1
10 0.047096 18 1.000000 
6077 1

6097 1

6098 1
17 0.008194 18 0.436581 25 0.010824 44 0.024720 80 0.010363 82 0.017397 
6099 1

6100 1

6101 1

6102 1
10 0.000918 17 0.016773 18 0.955320 56 0.001140 57 0.000487 
6103 1
5 0.116581 11 0.021672 12 0.006686 17 0.026652 21 0.105013 24 0.004559 
6104 1
5 0.052155 11 0.017383 12 0.091206 13 0.013631 18 0.094915 21 0.030960 22 0.045623 23 0.006254 24 0.000160 28 0.029978 32 0.000494 
6105 1
5 0.043346 10 0.072350 11 0.000568 12 0.000389 17 0.001272 18 0.804686 21 0.010789 
6106 1
5 0.000601 10 0.212495 12 0.077586 14 0.001387 17 0.009639 18 0.118943 20 0.000842 21 0.018932 22 0.046937 24 0.010305 28 0.039865 
6107 1
5 0.040049 11 0.010125 12 0.083613 13 0.000512 14 0.000202 17 0.002531 18 0.107855 21 0.023185 22 0.040025 23 0.002256 28 0.051161 32 0.004404 36 0.000280 
6108 1
5 0.197487 10 0.093310 11 0.029676 12 0.009386 17 0.000976 18 0.233256 21 0.030061 44 0.001318 
6109 1
7 0.001223 17 0.002335 18 0.960690 19 0.006861 23 0.002029 
6110 1
5 0.014508 11 0.000516 12 0.004089 13 0.000221 17 0.006680 18 0.840103 21 0.005205 22 0.000336 49 0.008659 
6111 1

6112 1
12 0.001661 18 0.724302 19 0.006035 22 0.000635 23 0.000391 24 0.017529 25 0.001048 28 0.016321 29 0.001967 30 0.033093 32 0.000262 33 0.000571 34 0.005949 36 0.001423 39 0.001062 40 0.003410 45 0.001013 47 0.008359 49 0.001564 51 0.000240 55 0.000241 57 0.000240 60 0.003056 64 0.000590 
6113 1
8 0.000706 10 0.005427 12 0.020326 14 0.002697 18 0.143955 20 0.001381 22 0.000708 24 0.000514 25 0.001085 28 0.003857 29 0.481068 40 0.000353 42 0.007019 43 0.066052 
6114 1
10 0.114905 17 0.864565 
6115 1
5 0.009355 10 0.007395 11 0.000273 12 0.000216 17 0.007002 18 0.906944 21 0.001872 56 0.000943 
6116 1
18 0.070772 44 0.004992 73 0.006593 77 0.007747 78 0.003710 81 0.010550 
6117 1
12 0.156658 18 0.296756 22 0.159668 
6118 1
5 0.053449 11 0.003626 12 0.103473 13 0.001461 15 0.000279 17 0.070389 18 0.125271 21 0.034375 22 0.021548 23 0.001896 24 0.005127 28 0.015396 30 0.001722 34 0.001519 38 0.000385 
6119 1
10 0.564427 18 0.432116 
6120 1
2 0.000664 10 0.250776 11 0.000259 12 0.151230 17 0.031057 18 0.572437 25 0.017389 
6121 1
18 0.141498 22 0.329269 
6122 1
12 0.276596 18 0.474523 28 0.104689 60 0.146735 
6127 1
12 0.477612 18 0.034674 22 0.124690 26 0.039801 28 0.233996 36 0.141260 
6128 1
12 0.016299 13 0.002724 14 0.000374 18 0.136096 22 0.033837 23 0.001216 24 0.009983 26 0.000374 28 0.089632 29 0.005904 30 0.017006 32 0.005772 33 0.006630 34 0.006563 36 0.002116 38 0.006859 39 0.000792 41 0.004501 42 0.014521 43 0.017827 45 0.000918 46 0.011292 47 0.037691 48 0.016758 50 0.017381 51 0.009779 52 0.004168 54 0.000583 55 0.020800 56 0.001612 57 0.005874 58 0.000844 59 0.041104 60 0.008066 63 0.007242 64 0.030357 65 0.014475 69 0.002558 70 0.002377 71 0.001875 72 0.004167 73 0.008875 74 0.003743 77 0.005036 
6129 1
5 0.013055 10 0.000502 12 0.077342 13 0.004820 14 0.001044 18 0.430396 22 0.014957 23 0.000507 26 0.084416 27 0.012430 28 0.010292 76 0.000580 
6130 1
11 0.850376 12 0.157186 13 0.010688 17 0.133929 25 0.003052 26 0.000654 
6131 1
5 0.020062 10 0.008649 12 0.006145 17 0.007386 18 0.860211 21 0.001343 22 0.000759 
6132 1
5 0.015121 10 0.327935 11 0.002020 12 0.000641 13 0.001007 17 0.014493 18 0.482486 25 0.008983 
6133 1
12 0.014653 17 0.013586 18 0.828420 21 0.001685 22 0.010949 24 0.000814 28 0.004811 
6134 1
5 0.033629 11 0.007253 12 0.043247 18 0.500941 21 0.010924 22 0.012181 26 0.000374 28 0.004792 
6135 1
5 0.005426 6 0.000427 12 0.050027 13 0.006279 14 0.000460 17 0.005567 18 0.687522 19 0.010213 20 0.000283 21 0.001773 22 0.020558 23 0.000972 24 0.003683 26 0.000691 28 0.012250 34 0.001013 38 0.000478 
6136 1
5 0.017977 8 0.000578 12 0.001156 13 0.000702 14 0.000370 18 0.839167 19 0.005446 21 0.030464 
6137 1
10 0.758191 11 0.040233 12 0.000623 17 0.005236 18 0.172954 28 0.013696 
6138 1
10 0.013372 17 0.021758 18 0.998994 
6139 1
18 1.000000 
6140 1
68 0.289312 
6141 1
2 0.002543 10 0.475232 11 0.021398 12 0.103940 17 0.008638 18 0.185117 25 0.121679 
6142 1
10 0.803005 11 0.024965 12 0.000194 17 0.002971 18 0.071075 28 0.064145 64 0.000133 
6143 1
10 0.148587 11 0.004074 12 0.010903 17 0.000261 18 0.604466 25 0.228790 54 0.015371 60 0.002594 
6144 1
11 0.454228 12 0.002057 17 0.619183 
6145 1
5 0.011272 12 0.026664 18 0.770853 26 0.000823 
6146 1
5 0.047969 11 0.004027 12 0.067594 13 0.000427 18 0.240885 21 0.008125 22 0.032372 24 0.000450 28 0.009982 
6147 1
10 0.291971 18 0.655475 44 0.100992 64 0.043796 
6148 1
5 0.009508 12 0.005328 18 0.885393 21 0.006016 22 0.006441 28 0.004536 
6149 1
10 0.566377 11 0.003769 17 0.067058 18 0.323295 25 0.000225 28 0.005392 
6150 1
12 0.299270 18 0.140878 
6151 1
12 0.078334 17 0.020688 18 0.728149 22 0.008466 25 0.012379 28 0.007586 
6152 1
2 0.009837 10 0.596176 11 0.005320 17 0.006456 18 0.394541 
6153 1
10 0.492243 11 0.021060 12 0.237843 17 0.204771 18 0.036540 25 0.015238 54 0.001202 
6154 1
5 0.000270 12 0.001268 17 0.015423 18 0.941781 
6155 1
18 0.561813 
6156 1
5 0.268638 10 0.002291 11 0.093793 12 0.021155 17 0.001832 18 0.013414 21 0.049643 
6157 1
10 0.051461 12 0.000363 17 0.011896 18 0.815058 25 0.043704 27 0.000543 28 0.001954 32 0.000322 49 0.001864 56 0.024442 62 0.005319 68 0.022257 76 0.000302 
6158 1
18 1.000000 
6159 1
8 0.000673 12 0.034192 13 0.002217 17 0.005018 18 0.400609 21 0.000372 22 0.062480 23 0.016965 24 0.013692 26 0.002269 28 0.112138 29 0.005713 30 0.003984 31 0.011660 32 0.019154 35 0.008310 36 0.005423 37 0.000332 38 0.003167 39 0.000533 47 0.004378 55 0.001073 
6160 1
18 0.770063 28 0.171030 
6161 1
18 1.000000 
6162 1
5 0.011118 10 0.246206 12 0.002737 17 0.009389 18 0.670676 
6163 1
5 0.014720 12 0.001507 21 0.220827 22 0.001123 35 0.072914 36 0.001253 
6164 1
10 0.003989 12 0.017486 17 0.001149 18 0.631593 24 0.007123 25 0.355537 36 0.001588 
6165 1
5 0.046907 11 0.009588 12 0.025405 17 0.002672 18 0.507946 21 0.030011 22 0.006940 23 0.000777 28 0.002148 
6166 1
10 0.793371 11 0.030392 12 0.002018 17 0.004747 18 0.081031 28 0.015183 64 0.000113 
6191 1
2 0.001337 10 0.017689 11 0.009517 12 0.077786 17 0.019447 18 0.791857 25 0.034251 
6192 1
10 0.006007 11 0.011111 12 0.001521 17 0.863341 19 0.099852 20 0.002770 
8202 1
82 0.244377 
8203 1
18 0.083494 21 0.218431 35 0.067108 57 0.016393 70 0.015029 
8204 1
5 0.040205 10 0.001586 11 0.013294 12 0.004137 17 0.061517 18 0.007557 21 0.199878 22 0.003543 28 0.001017 30 0.002005 35 0.065842 36 0.000973 53 0.002309 
8205 1
5 0.027203 12 0.037963 13 0.003244 18 0.076938 21 0.049990 22 0.044085 23 0.003079 24 0.005957 25 0.000539 26 0.027422 27 0.019840 28 0.063798 30 0.003334 31 0.009682 32 0.006506 35 0.006935 36 0.010759 47 0.000774 64 0.001729 
8206 1
5 0.149797 11 0.026627 12 0.015858 18 0.010102 21 0.138851 22 0.007107 24 0.001679 26 0.007323 27 0.001307 28 0.015727 31 0.004071 35 0.016775 
29494 1
10 0.437309 11 0.006302 12 0.086904 17 0.211378 18 0.117768 19 0.007861 21 0.033114 24 0.000378 25 0.027756 28 0.002382 
29495 1
10 0.110186 12 0.000363 17 0.015372 18 0.549276 21 0.000246 22 0.191016 23 0.000183 25 0.014706 
29496 1
5 0.144658 10 0.063902 11 0.043727 12 0.022061 18 0.291860 21 0.015680 22 0.001543 
29497 1
12 0.028149 18 0.836587 22 0.014471 23 0.006891 28 0.025068 
29498 1
18 0.262103 22 0.118816 28 0.192957 37 0.197331 
29499 1
2 0.001931 10 0.490282 11 0.010505 12 0.008391 17 0.006626 18 0.488707 
29500 1
5 0.080744 11 0.006056 12 0.124719 13 0.006799 14 0.003407 17 0.000836 18 0.371650 20 0.000471 21 0.004322 22 0.008757 28 0.004144 
29501 1
12 0.167800 18 0.068246 28 0.005234 36 0.006011 
29502 1

29503 1
12 0.027205 18 0.392786 22 0.092163 28 0.194812 
29504 1
18 0.941753 19 0.033492 78 0.000743 
29505 1
12 0.059733 13 0.003170 18 0.548064 22 0.038107 24 0.002089 28 0.068309 35 0.009282 
29506 1
5 0.055412 11 0.005536 12 0.049418 13 0.000406 17 0.000326 18 0.492411 21 0.008018 22 0.010973 24 0.000889 26 0.001123 28 0.002132 
29507 1
5 0.024092 10 0.026557 11 0.002905 12 0.015366 17 0.000500 18 0.698523 21 0.005035 22 0.006157 28 0.000474 31 0.001861 
29508 1
5 0.010642 10 0.011962 12 0.069049 13 0.007511 14 0.000946 17 0.005984 18 0.595423 21 0.004924 22 0.016774 24 0.000454 25 0.002146 28 0.004821 30 0.001197 
29526 1
12 0.110000 18 0.186876 22 0.177587 28 0.063056 
29527 1
18 0.248160 21 0.106508 
29528 1
17 0.853855 19 0.067788 55 0.000509 60 0.000334 65 0.000476 
29529 1
5 0.003415 12 0.096450 18 0.155436 21 0.003683 22 0.103463 23 0.015629 24 0.002800 28 0.061387 29 0.002864 32 0.001977 
29530 1
12 0.264957 
29531 1
10 0.377124 11 0.004090 17 0.004386 18 0.364853 28 0.002456 33 0.000840 55 0.001163 
29532 1
10 0.213156 11 0.001055 12 0.159877 17 0.199752 18 0.269577 19 0.075446 25 0.066290 
29533 1
12 0.114307 18 0.116396 22 0.069208 24 0.004252 28 0.056830 32 0.011756 36 0.008661 38 0.005003 47 0.007057 
29534 1
12 0.007946 13 0.002553 17 0.000898 18 0.618778 22 0.002914 24 0.023581 25 0.002406 26 0.001582 27 0.003299 28 0.002236 30 0.003428 32 0.002906 34 0.000943 36 0.002955 40 0.000699 42 0.001515 45 0.014275 47 0.020884 48 0.007476 49 0.003788 50 0.000413 52 0.006427 54 0.001317 55 0.005965 56 0.002121 57 0.003863 58 0.002311 60 0.019380 61 0.002493 62 0.002686 63 0.003989 64 0.012250 65 0.014832 70 0.002060 72 0.001330 73 0.003140 
29535 1
5 0.053692 10 0.007205 11 0.015160 12 0.031142 13 0.001154 17 0.024773 18 0.348144 19 0.016268 20 0.000661 21 0.094052 22 0.018600 28 0.021484 29 0.001682 36 0.000357 
29536 1
18 0.006511 22 0.004036 24 0.006307 28 0.003496 30 0.003238 44 0.014597 47 0.002173 50 0.003054 51 0.000973 55 0.000806 57 0.001275 59 0.004856 60 0.007327 63 0.000867 64 0.008991 65 0.007735 67 0.007052 68 0.001584 69 0.008511 70 0.005469 71 0.000294 72 0.005376 73 0.030773 74 0.011254 75 0.011714 76 0.000738 78 0.003664 80 0.005837 81 0.005670 82 0.002467 
29537 1
5 0.055245 12 0.181710 18 0.031836 28 0.025781 
29538 1
17 0.069939 18 0.932778 57 0.010368 82 0.012342 
29539 1

29540 1
5 0.216415 11 0.067774 18 0.038628 20 0.001147 21 0.025807 
29541 1

29542 1
10 0.011315 17 0.006698 18 0.940469 19 0.022296 
29543 1
2 0.001743 10 0.425314 11 0.007689 12 0.082938 13 0.000394 17 0.050570 18 0.396703 19 0.028342 25 0.007799 
29544 1
12 0.001780 17 0.004782 18 0.827010 22 0.006014 23 0.002045 24 0.005208 28 0.013737 32 0.001055 39 0.002370 44 0.002264 47 0.005579 51 0.001714 55 0.002441 59 0.001735 63 0.004501 64 0.010844 65 0.004220 69 0.004434 70 0.000659 72 0.012712 73 0.001175 75 0.001603 77 0.006998 82 0.003984 
29545 1
5 0.008936 10 0.010709 12 0.003189 13 0.001428 17 0.000849 18 0.611951 21 0.030489 24 0.001258 28 0.002075 31 0.002170 34 0.000750 35 0.000719 36 0.001499 48 0.004280 80 0.000410 
29546 1
5 0.002805 10 0.024553 11 0.000192 12 0.002498 17 0.009112 18 0.897171 21 0.001908 22 0.000346 28 0.002956 32 0.000152 
29547 1
5 0.039014 11 0.009112 12 0.030872 13 0.001622 18 0.470124 19 0.002457 20 0.000634 21 0.021887 22 0.015104 23 0.001050 24 0.000458 28 0.008125 
29548 1
12 0.001133 18 0.126980 22 0.001439 24 0.063744 25 0.023256 26 0.000491 27 0.020116 28 0.000929 29 0.008831 30 0.124096 33 0.000371 34 0.002309 35 0.025360 36 0.013442 37 0.001418 40 0.006646 41 0.016376 45 0.011956 46 0.001723 47 0.000552 49 0.005141 55 0.000416 59 0.003478 60 0.001013 62 0.001246 
29549 1
5 0.031475 10 0.303479 18 0.194031 21 0.089521 
29550 1
5 0.002036 10 0.000723 11 0.001314 12 0.017081 13 0.003308 17 0.003804 18 0.806828 21 0.004049 22 0.009398 27 0.000882 
29551 1
10 0.022165 12 0.014925 13 0.001502 18 0.792879 19 0.012160 22 0.007468 24 0.003137 28 0.011159 30 0.001218 32 0.001046 34 0.000773 43 0.000549 47 0.001475 52 0.001288 55 0.000759 57 0.001072 76 0.009514 77 0.004845 
29552 1
5 0.018424 10 0.000355 11 0.002620 12 0.003362 18 0.884354 19 0.011790 
29553 1
5 0.034056 11 0.004055 12 0.071280 13 0.009111 17 0.011152 18 0.465751 21 0.013386 22 0.020177 23 0.001541 26 0.000537 28 0.016845 
29554 1
10 0.324440 11 0.004328 12 0.088087 17 0.068540 18 0.062177 24 0.003822 25 0.376506 54 0.035314 60 0.000752 
29555 1
5 0.004632 12 0.003530 18 0.028030 22 0.000962 44 1.000000 78 0.014021 79 0.729328 
29556 1
5 0.026696 6 0.000280 11 0.002848 12 0.036371 13 0.003540 17 0.010090 18 0.702878 21 0.003507 22 0.001814 
29557 1
5 0.028851 12 0.137028 13 0.015317 14 0.004729 17 0.004920 18 0.146231 20 0.000402 21 0.003812 22 0.057670 23 0.007120 24 0.013292 28 0.047999 29 0.001557 36 0.002055 
29558 1
10 0.077551 18 0.737876 22 0.009820 25 0.231340 
29559 1
10 0.260551 11 0.013133 17 0.234393 18 0.000361 19 0.279864 25 0.096646 26 0.029500 32 0.006161 
29560 1
2 0.000182 8 0.000400 10 0.029221 11 0.002662 12 0.034920 18 0.920983 25 0.011048 
29561 1
10 0.011866 11 0.058885 12 0.439403 13 0.008907 17 0.021138 18 0.195322 25 0.275443 27 0.001387 
29562 1
10 0.147770 12 0.026731 18 0.650848 21 0.002849 22 0.048176 27 0.002880 28 0.014561 
29563 1
5 0.004357 10 0.001285 11 0.001429 12 0.000415 17 0.016016 18 0.911910 
29564 1
5 0.014504 6 0.000582 11 0.015323 12 0.103720 13 0.007611 18 0.118413 21 0.010373 22 0.049510 23 0.005508 24 0.004118 28 0.039035 32 0.002598 47 0.000837 
29565 1
18 0.906649 22 0.001480 51 0.002013 
29566 1
5 0.134037 11 0.040966 12 0.050926 13 0.001551 14 0.001757 18 0.330661 21 0.009718 22 0.003722 
29567 1
10 0.139722 17 0.190227 18 0.189819 70 0.011706 72 0.026877 
29568 1
12 0.077396 13 0.014162 14 0.003184 15 0.000852 18 0.115858 19 0.001658 20 0.001619 21 0.004603 22 0.078673 23 0.012496 24 0.021103 25 0.001353 26 0.003724 27 0.001347 28 0.114271 29 0.008585 30 0.002964 31 0.064486 32 0.015868 35 0.002355 36 0.006578 37 0.001242 38 0.015004 40 0.002429 42 0.009784 43 0.001889 45 0.007294 47 0.013874 50 0.003982 51 0.009769 52 0.002660 55 0.001459 56 0.002624 59 0.005475 60 0.004239 61 0.005910 68 0.001108 72 0.001207 76 0.001835 
29569 1
8 0.004368 12 0.075507 13 0.037890 18 0.276340 22 0.057241 23 0.016012 24 0.023713 25 0.006802 28 0.029801 
29570 1
5 0.006895 12 0.142280 13 0.011043 18 0.169947 19 0.004758 20 0.004798 21 0.000976 22 0.050518 23 0.005224 24 0.023400 25 0.001560 28 0.056602 30 0.003875 31 0.001060 33 0.000789 34 0.003044 
29571 1
18 0.176405 54 0.004102 58 0.013923 64 0.003312 65 0.029590 66 0.006993 68 0.002078 69 0.011883 73 0.022872 75 0.024616 81 0.006809 82 0.012791 
29572 1
18 0.339474 
29573 1
10 0.076779 17 0.005079 18 0.843726 56 0.021475 
29574 1
2 0.000277 10 0.309700 11 0.040478 12 0.014789 17 0.028587 18 0.629405 
29575 1
10 0.164303 18 0.861674 56 0.001245 
29576 1
10 0.130435 17 0.004105 18 0.809449 22 0.028063 
29577 1
5 0.014751 10 0.206817 12 0.026040 18 0.615204 22 0.006424 28 0.004538 66 0.000750 
29578 1
12 0.004941 18 0.609883 19 0.004080 20 0.001638 22 0.006040 24 0.033294 25 0.000605 26 0.004703 28 0.006386 30 0.017806 34 0.004430 35 0.001020 36 0.009149 38 0.000423 41 0.001963 42 0.001240 43 0.001506 45 0.001887 47 0.007247 48 0.003934 49 0.011898 50 0.004281 51 0.000634 52 0.003929 53 0.000608 54 0.001064 55 0.002671 59 0.010430 60 0.015844 63 0.010187 64 0.007478 65 0.002663 66 0.000291 68 0.002577 69 0.008674 70 0.001771 72 0.004579 73 0.002502 75 0.001149 76 0.000687 78 0.001574 
29579 1
11 0.001075 12 0.101825 13 0.010850 14 0.000787 18 0.232735 19 0.006079 20 0.002077 22 0.035268 23 0.010327 24 0.062335 25 0.000995 26 0.002391 28 0.071266 29 0.001030 30 0.017592 31 0.001470 32 0.002643 34 0.009992 36 0.001220 
29580 1
5 0.045504 10 0.043601 11 0.007664 12 0.027754 13 0.003153 14 0.002920 17 0.009694 18 0.630169 21 0.007283 22 0.006928 28 0.000965 
29581 1
17 0.010645 18 0.969091 19 0.006423 
29582 1
5 0.053065 21 0.078116 36 0.011261 
29583 1
5 0.095523 10 0.002713 11 0.028479 12 0.047870 13 0.001903 18 0.116857 20 0.007819 21 0.089513 22 0.071185 23 0.016187 27 0.002589 31 0.006137 35 0.003919 
29584 1
82 0.033208 
29585 1
5 0.000466 12 0.048663 13 0.009311 14 0.000941 18 0.100958 19 0.000663 20 0.000941 21 0.000623 22 0.067756 23 0.016210 24 0.034101 25 0.011496 27 0.000883 28 0.091860 29 0.003166 30 0.027427 31 0.063522 32 0.026973 33 0.004986 34 0.018795 35 0.011740 36 0.018280 37 0.002326 38 0.005475 40 0.001057 41 0.005910 42 0.001851 44 0.000623 45 0.002188 46 0.001833 47 0.005882 50 0.001400 52 0.000786 55 0.000231 56 0.000738 64 0.000788 
29586 1
5 0.049041 11 0.008453 12 0.075700 13 0.001049 17 0.002073 18 0.081218 21 0.040543 22 0.032258 23 0.003005 24 0.000829 25 0.000452 28 0.039879 
29587 1
12 0.053221 13 0.037965 18 0.049557 22 0.067395 23 0.020058 26 0.042017 28 0.437802 36 0.023278 70 0.078439 
29588 1
12 0.004059 17 0.012157 18 0.828470 20 0.000267 22 0.011348 23 0.000268 24 0.002612 25 0.000475 28 0.018678 31 0.002918 32 0.001685 36 0.000525 38 0.000267 47 0.000205 56 0.000603 68 0.000360 
29589 1
18 0.848468 64 0.023913 
29590 1
12 0.207692 18 0.061860 20 0.026923 22 0.052053 28 0.044529 60 0.040525 
29591 1
5 0.167960 11 0.024585 17 0.032728 21 0.147924 28 0.002800 
29592 1
12 0.010987 18 0.797034 22 0.038641 25 0.002160 28 0.015379 
29593 1
10 0.018289 12 0.001930 17 0.011951 18 0.950396 
29594 1
22 0.062303 
29595 1
11 0.032069 12 0.028929 13 0.001299 17 0.921183 18 0.000228 
29596 1
24 0.000600 44 0.003119 45 0.001867 54 0.004368 65 0.005661 66 0.000400 70 0.011909 71 0.084114 73 0.010283 74 0.000799 76 0.000867 77 0.010407 78 0.005772 80 0.007472 81 0.015844 82 0.003293 
29597 1
10 0.001648 17 0.002917 18 0.999579 
29598 1
5 0.002527 12 0.008782 17 0.003434 18 0.827905 21 0.002409 22 0.011309 24 0.001514 28 0.006724 36 0.000609 
29599 1
22 0.743238 
29600 1
12 0.018354 13 0.000704 17 0.002761 18 0.775108 22 0.021559 24 0.000649 27 0.003692 28 0.039708 32 0.003337 38 0.001761 47 0.003729 55 0.001624 60 0.001154 
29601 1
12 0.126059 13 0.018278 14 0.003392 15 0.000822 18 0.419493 19 0.000635 24 0.021010 25 0.000314 30 0.001163 
29602 1
5 0.078104 11 0.007071 12 0.063474 13 0.002634 18 0.123054 21 0.024409 22 0.006453 28 0.009373 30 0.000876 
29603 1
10 0.082900 12 0.001535 18 0.514687 19 0.001983 25 0.055663 53 0.000407 56 0.000673 57 0.000501 
29604 1
5 0.133627 11 0.043269 12 0.015465 18 0.114939 21 0.102181 
29605 1
5 0.011275 11 0.003472 12 0.015397 18 0.542145 21 0.013189 22 0.026347 28 0.020233 
29606 1
18 0.325094 24 0.058511 51 0.234043 
29607 1
5 0.001262 12 0.001440 14 0.000348 17 0.000997 18 0.916647 19 0.014421 
29608 1
12 0.051064 13 0.017197 14 0.005029 18 0.144763 21 0.007339 22 0.010859 25 0.047647 28 0.017915 
29609 1
5 0.000612 10 0.643686 11 0.011351 17 0.002432 18 0.342375 28 0.002189 64 0.000496 
29610 1
2 0.069243 10 0.140347 17 0.003999 18 0.205485 22 0.005306 25 0.599248 26 0.001052 28 0.000589 30 0.007338 
29611 1
5 0.005417 10 0.017961 11 0.001340 17 0.012630 18 0.885762 20 0.000247 
29612 1
12 0.070744 18 0.096596 21 0.010984 22 0.020131 23 0.014731 28 0.016530 
29613 1
5 0.002389 12 0.044856 13 0.003680 17 0.003797 18 0.784877 22 0.005171 23 0.001708 28 0.005586 
29614 1
12 0.481793 18 0.036042 22 0.120750 38 0.033613 
29615 1
5 0.001361 10 0.000485 17 0.011882 18 0.993792 
29616 1
12 0.008709 17 0.166106 18 0.020195 19 0.068086 22 0.006976 23 0.000945 24 0.007542 27 0.011741 28 0.019055 30 0.012688 31 0.005455 32 0.000625 34 0.000904 35 0.002924 36 0.006464 41 0.006566 44 0.005725 53 0.000542 55 0.001501 56 0.000565 62 0.002708 64 0.001375 66 0.001542 70 0.002167 71 0.002219 72 0.004086 73 0.009416 74 0.003661 75 0.001850 76 0.001042 77 0.003455 78 0.004847 80 0.003500 81 0.025043 82 0.002602 
29617 1
12 0.108652 18 0.064723 22 0.205746 
29618 1
12 0.022429 17 0.002314 18 0.276295 21 0.000853 22 0.077884 23 0.015063 24 0.020320 28 0.154049 31 0.097097 32 0.030202 34 0.001022 35 0.018549 36 0.008869 37 0.002241 38 0.005552 43 0.001147 47 0.004680 55 0.004520 56 0.000669 63 0.001727 64 0.001999 65 0.001934 72 0.003135 73 0.002243 
29619 1
5 0.107225 10 0.042213 11 0.025310 16 0.000422 17 0.000142 18 0.345270 21 0.047922 
29620 1
10 0.119920 11 0.064645 12 0.319956 13 0.004190 17 0.024368 18 0.470090 20 0.000196 25 0.007353 
29621 1
10 0.185481 17 0.007668 18 0.008342 22 0.459105 23 0.000980 25 0.081984 
29622 1
10 0.055669 17 0.004534 18 0.928170 19 0.011029 
29623 1
12 0.034713 18 0.074441 22 0.116446 28 0.061829 
29624 1
10 0.096716 12 0.216357 17 0.154764 25 0.503824 
29625 1
12 0.000598 17 0.208308 18 0.051330 19 0.190350 24 0.000157 25 0.135477 26 0.002807 46 0.001286 47 0.001191 66 0.000812 
29626 1
5 0.021778 11 0.001406 12 0.110657 13 0.017473 14 0.010618 18 0.134033 19 0.002686 20 0.004725 21 0.011651 22 0.066697 23 0.008695 24 0.014383 25 0.001088 26 0.002278 28 0.051355 29 0.000881 30 0.007925 31 0.001506 32 0.001205 36 0.006675 
29627 1
5 0.002216 12 0.002257 13 0.001179 17 0.010145 18 0.933716 21 0.001056 22 0.000472 
29628 1
12 0.169054 18 0.138254 22 0.304486 28 0.136839 
29629 1
12 0.119136 13 0.005202 18 0.120884 20 0.002799 21 0.004334 22 0.078020 24 0.001466 28 0.056506 
29630 1
5 0.000663 12 0.002420 17 0.581102 18 0.004974 19 0.305333 22 0.000809 24 0.000656 25 0.040725 64 0.000908 
29631 1
5 0.034648 10 0.012012 11 0.010407 12 0.040513 13 0.003546 14 0.000581 17 0.006042 18 0.495867 21 0.010789 22 0.012410 23 0.000584 28 0.005971 
29632 1
18 0.048608 22 0.152381 27 0.070811 
29633 1
24 0.004830 30 0.004210 44 0.005487 47 0.001682 55 0.004029 58 0.005927 59 0.010001 62 0.003680 63 0.015720 64 0.017826 65 0.011999 66 0.003105 67 0.004687 68 0.005077 69 0.131203 70 0.005866 71 0.005687 73 0.117866 77 0.128081 78 0.014682 80 0.003565 81 0.003335 82 0.007878 
29634 1
5 0.015673 11 0.010290 12 0.121596 13 0.015717 17 0.003278 18 0.168450 20 0.001102 21 0.006536 22 0.033531 23 0.002805 24 0.002253 28 0.031112 30 0.001752 
29635 1
2 0.005474 5 0.093562 10 0.008227 11 0.023600 12 0.007603 13 0.001888 17 0.000399 18 0.092954 20 0.001132 21 0.123385 22 0.007564 25 0.000190 35 0.018887 
29636 1
5 0.000272 10 0.083222 11 0.002935 12 0.158951 13 0.001044 18 0.677539 25 0.069152 
29637 1
10 0.215195 22 0.450603 
29638 1
5 0.000129 8 0.002682 12 0.088434 13 0.008098 14 0.016163 17 0.008540 18 0.616649 20 0.000185 22 0.020191 23 0.000469 24 0.001179 28 0.019007 32 0.000127 
29639 1
5 0.044718 10 0.614088 11 0.016451 12 0.000122 13 0.009997 18 0.151957 21 0.000211 
29640 1
10 0.004465 18 0.905345 19 0.024263 
29641 1
10 0.015465 12 0.028506 18 0.194351 19 0.261826 21 0.002490 24 0.064943 25 0.090763 26 0.001586 27 0.005109 28 0.000893 29 0.016032 30 0.015981 32 0.000617 34 0.001043 35 0.001623 40 0.002203 41 0.002740 53 0.000749 55 0.000706 78 0.000750 
29642 1
12 0.026662 18 0.797718 22 0.004028 23 0.006102 51 0.009496 68 0.004499 
29643 1
12 0.025381 13 0.022016 18 0.118382 20 0.015228 22 0.151394 24 0.013959 28 0.218546 
29644 1
2 0.046599 10 0.281592 18 0.201596 22 0.019082 25 0.435157 28 0.003732 36 0.001871 
29645 1
5 0.001555 10 0.681371 11 0.004798 12 0.004271 17 0.299783 
29646 1
5 0.276778 11 0.063491 12 0.008772 18 0.003295 21 0.051307 22 0.001974 
29647 1
5 0.014641 10 0.036275 11 0.001406 12 0.001567 17 0.009910 18 0.839002 
29648 1
82 0.005433 
29649 1
5 0.000424 10 0.000239 12 0.006343 18 0.887883 19 0.008908 20 0.000168 49 0.003843 56 0.010648 
29650 1
18 0.844181 28 0.020520 35 0.015400 
29651 1
2 0.001311 10 0.049494 11 0.005431 17 0.008280 18 0.025335 24 0.028488 25 0.726615 39 0.004693 
29652 1
5 0.000299 12 0.000316 13 0.000278 17 0.007390 18 0.953755 
29653 1
5 0.012800 12 0.016274 13 0.001198 17 0.000485 18 0.861871 21 0.002541 22 0.006848 
29654 1
5 0.007665 12 0.075749 17 0.000768 18 0.246541 20 0.000948 21 0.023538 22 0.051505 23 0.004900 24 0.001421 28 0.058353 32 0.002369 36 0.001604 47 0.000660 
29655 1
5 0.001476 12 0.043944 13 0.003204 17 0.017747 18 0.726244 20 0.000847 22 0.011217 23 0.000516 24 0.003441 28 0.004693 30 0.000390 38 0.000252 
29656 1
5 0.038899 6 0.000258 11 0.011170 12 0.083033 13 0.015773 14 0.001302 18 0.100717 19 0.001775 20 0.000188 21 0.031060 22 0.040590 23 0.008670 24 0.002210 25 0.000672 28 0.034046 30 0.000513 32 0.001919 
29657 1
5 0.000372 10 0.001540 12 0.001417 17 0.001900 18 0.944250 19 0.009169 28 0.000276 
29658 1
5 0.138972 10 0.182932 11 0.036117 12 0.044928 14 0.008945 17 0.001583 18 0.056068 21 0.019682 22 0.004642 28 0.001207 
29659 1
5 0.025384 8 0.001387 10 0.252207 11 0.001931 12 0.012805 14 0.000986 17 0.001441 18 0.286206 20 0.000385 21 0.044099 22 0.008960 24 0.001464 26 0.000693 28 0.032402 30 0.000359 32 0.001695 35 0.002541 36 0.002796 51 0.000216 70 0.000216 
29660 1
5 0.039564 10 0.593369 11 0.014480 18 0.219730 21 0.002563 35 0.000207 
29661 1
5 0.001926 10 0.001930 11 0.001408 12 0.000217 13 0.000513 17 0.013093 18 0.879901 21 0.008158 
29662 1
12 0.012324 18 0.263341 28 0.070066 
29663 1
10 0.033771 18 0.699068 22 0.144828 38 0.016886 
29664 1
18 0.009942 22 0.005741 30 0.013612 34 0.011833 44 0.004163 68 0.003919 73 0.003991 74 0.014158 78 0.017020 80 0.003545 81 0.029588 
29665 1
5 0.003203 10 0.000711 12 0.081060 13 0.013527 18 0.394448 21 0.000963 22 0.020802 23 0.002854 24 0.001422 28 0.007297 
29666 1
5 0.016625 11 0.000782 12 0.135038 13 0.026326 14 0.001425 17 0.001701 18 0.167719 21 0.013070 22 0.061972 23 0.001701 24 0.001188 28 0.010246 
29667 1
5 0.005320 18 0.910895 19 0.020180 21 0.002743 
29668 1
5 0.010712 8 0.000557 12 0.091303 13 0.017099 14 0.009429 18 0.379719 19 0.013004 20 0.004733 21 0.000978 22 0.026886 23 0.004501 24 0.021794 28 0.012803 30 0.001937 34 0.000924 
29669 1
18 0.928653 
29670 1
18 0.164960 25 0.305431 47 0.091862 
29671 1
5 0.028363 8 0.000396 10 0.004622 11 0.001562 12 0.066564 13 0.006388 14 0.006835 17 0.002170 18 0.273793 21 0.046857 22 0.034959 23 0.000459 24 0.003935 26 0.000186 28 0.020574 32 0.000151 
29672 1
12 0.116348 18 0.135807 22 0.050199 28 0.104436 
29673 1
12 0.260989 22 0.052329 28 0.029818 
29674 1
10 0.786467 11 0.003228 18 0.180378 28 0.027433 64 0.004222 
29675 1

29676 1
17 0.008672 18 1.000000 
29677 1
10 0.334556 11 0.011459 12 0.000776 17 0.292675 19 0.284552 20 0.004773 21 0.000197 24 0.002133 26 0.000194 27 0.000264 66 0.000746 72 0.000262 77 0.000553 82 0.000225 
29678 1
12 0.245614 18 0.131679 
29679 1
12 0.046768 13 0.001357 18 0.528799 21 0.003392 22 0.054985 23 0.009506 24 0.011834 28 0.030465 30 0.014768 31 0.005793 32 0.033455 43 0.002276 47 0.011177 54 0.003930 55 0.006606 56 0.006818 59 0.011507 60 0.002398 64 0.003755 65 0.007425 72 0.007453 
29680 1
12 0.035107 13 0.018478 17 0.008401 18 0.660512 21 0.001482 22 0.020410 23 0.000842 24 0.001517 28 0.035283 
29681 1
18 0.029051 28 0.060596 60 0.056622 80 0.061576 
29682 1
12 0.095861 18 0.057622 22 0.026937 24 0.013072 28 0.111402 29 0.051989 47 0.021885 48 0.033195 72 0.013921 
29683 1
5 0.054265 10 0.449297 11 0.001901 12 0.011337 13 0.005427 18 0.207336 21 0.018193 22 0.007570 28 0.002173 
29684 1
8 0.000217 12 0.091892 13 0.015303 14 0.003098 18 0.201743 19 0.006839 20 0.004783 22 0.075522 23 0.008411 24 0.041761 25 0.001047 28 0.067934 29 0.003150 30 0.006391 34 0.001144 
29685 1
5 0.010783 6 0.000602 11 0.000630 12 0.099170 13 0.018778 14 0.006973 18 0.330618 19 0.006073 20 0.001438 21 0.010752 22 0.037573 23 0.004998 24 0.007833 25 0.000321 28 0.023999 30 0.000245 32 0.000136 35 0.000238 36 0.000188 
29686 1
12 0.075578 18 0.567987 21 0.008747 22 0.050961 23 0.031296 24 0.006993 28 0.053520 31 0.028817 34 0.003713 37 0.005699 
29687 1
5 0.000474 12 0.001704 17 0.009185 18 0.958332 56 0.006474 
29688 1
12 0.039315 18 0.373627 22 0.059288 26 0.007056 28 0.098229 32 0.014785 36 0.022805 66 0.003696 72 0.019861 
29689 1
5 0.001114 10 0.179366 17 0.013020 18 0.751254 21 0.003994 22 0.000328 28 0.018960 31 0.003790 35 0.001619 70 0.000357 
29690 1
5 0.047899 11 0.008846 12 0.110851 13 0.023482 14 0.006581 17 0.000539 18 0.129366 20 0.000367 21 0.009358 22 0.032291 23 0.006370 24 0.004604 25 0.000733 28 0.019253 
29691 1
8 0.000593 10 0.020359 11 0.007580 12 0.186013 14 0.000286 18 0.481062 25 0.135325 
29692 1
12 0.016456 18 0.146585 22 0.137052 
29693 1
10 0.087686 12 0.002955 13 0.000281 17 0.010976 20 0.000459 
29694 1
12 0.025177 17 0.002683 18 0.165908 22 0.151687 28 0.137607 32 0.011244 35 0.007719 
29695 1
10 0.004800 11 0.002699 12 0.023117 14 0.000158 17 0.037843 18 0.101783 19 0.495167 20 0.000830 22 0.000369 23 0.000150 24 0.000494 25 0.222502 
29696 1
5 0.039083 11 0.001318 13 0.000564 17 0.003325 18 0.824343 21 0.002944 22 0.000590 24 0.000430 28 0.001474 
29697 1
10 0.484359 17 0.006545 18 0.411422 28 0.017524 
29698 1
5 0.019048 11 0.008432 12 0.081977 13 0.005979 14 0.001084 17 0.003735 18 0.131948 20 0.001301 21 0.035011 22 0.065472 23 0.011850 24 0.009496 28 0.058533 31 0.005432 32 0.003764 34 0.000581 35 0.002419 36 0.000601 45 0.001256 
29699 1
11 0.650592 12 0.032320 17 0.000183 18 0.446390 21 0.000685 25 0.000135 
29700 1
5 0.011646 12 0.120271 13 0.009699 18 0.130318 21 0.009343 22 0.067815 23 0.005827 24 0.004510 26 0.003168 28 0.028209 32 0.001044 34 0.001838 
29701 1
12 0.021479 18 0.674423 22 0.075704 23 0.004047 26 0.003844 28 0.016687 32 0.011078 34 0.012932 35 0.006244 37 0.010403 43 0.002939 47 0.008032 60 0.006497 
29702 1
10 0.004309 12 0.000214 17 0.890141 18 0.003053 19 0.019375 
29703 1
12 0.062029 18 0.154959 22 0.077730 24 0.017015 28 0.131222 32 0.024553 40 0.006031 47 0.007202 60 0.004951 69 0.010303 71 0.010649 73 0.017948 74 0.004473 
29704 1
10 0.009489 18 0.902038 19 0.015812 20 0.000365 21 0.004214 35 0.005486 49 0.000449 53 0.000460 55 0.000190 66 0.001069 70 0.000555 
29705 1
5 0.081640 10 0.449999 11 0.010230 12 0.017651 17 0.155398 18 0.019956 21 0.004727 
29706 1
18 0.114522 81 0.013613 
29707 1
10 0.121140 11 0.006318 12 0.003274 17 0.797995 19 0.021807 24 0.000196 30 0.000531 
29708 1
10 0.018623 12 0.002715 13 0.000208 17 0.014282 18 0.755212 22 0.006731 28 0.001324 32 0.000177 36 0.000245 47 0.049205 56 0.002169 72 0.006200 
29709 1
11 0.002443 12 0.065756 13 0.008691 17 0.005208 18 0.087855 20 0.002078 21 0.002414 22 0.090623 23 0.018955 24 0.017367 28 0.082917 29 0.003340 32 0.004601 33 0.003279 38 0.001781 51 0.004156 56 0.002685 
29710 1
10 0.040760 11 0.001880 12 0.0