C- 12 0.988901 13 0.011099 -1
CH- 13 0.988802 14 0.011197 15 0.000001 -1
O- 16 0.997203 17 0.000799 18 0.001998 -1
S- 32 0.950190 33 0.007502 34 0.042108 36 0.000200 -1
OH- 17 0.997103 18 0.000899 19 0.001998 20 0.000000 -1
H2O- 18 0.997004 19 0.000998 20 0.001998 21 0.000000 22 0.000000 -1
F- 19 1.000000 -1
C2- 24 0.977925 25 0.021952 26 0.000123 -1
C2H- 25 0.977827 26 0.022047 27 0.000125 28 0.000000 -1
CN- 26 0.985340 27 0.014620 28 0.000040 -1
C2H2- 26 0.977730 27 0.022143 28 0.000128 29 0.000000 30 0.000000 -1
C2H3- 27 0.977632 28 0.022238 29 0.000130 30 0.000000 31 0.000000 32 0.000000 -1
P- 31 1.000000 -1
O2- 32 0.994414 33 0.001594 34 0.003985 35 0.000003 36 0.000004 -1
S-2*2 16 0.957692 17 0.042108 18 0.000200 -1
Cl- 35 0.758000 37 0.242000 -1
C3- 36 0.967071 37 0.032562 38 0.000365 39 0.000001 -1
C3H- 37 0.966974 38 0.032655 39 0.000369 40 0.000001 41 0.000000 -1
CNO- 42 0.982584 43 0.015366 44 0.002020 45 0.000029 46 0.000000 -1
NO2- 46 0.990833 47 0.005169 48 0.003977 49 0.000018 50 0.000004 51 0.000000 -1
SO- 48 0.947532 49 0.008240 50 0.043895 51 0.000049 52 0.000284 53 0.000000 54 0.000000 -1
C4- 48 0.956338 49 0.042934 50 0.000723 51 0.000005 52 0.000000 -1
NaCl- 58 0.758000 60 0.242000 -1
AlO2- 59 0.994414 60 0.001594 61 0.003985 62 0.000003 63 0.000004 -1
CH3CHO2- 76 0.969355 77 0.024477 78 0.006013 79 0.000143 80 0.000013 81 0.000000 82 0.000000 83 0.000000 84 0.000000 85 0.000000 86 0.000000 87 0.000000 88 0.000000 -1
SiO2- 60 0.917125 61 0.047923 62 0.034586 63 0.000239 64 0.000127 65 0.000000 66 0.000000 -1
CO3- 60 0.980626 61 0.013363 62 0.005923 63 0.000076 64 0.000012 65 0.000000 66 0.000000 67 0.000000 -1
C5- 60 0.945723 61 0.053072 62 0.001191 63 0.000013 64 0.000000 65 0.000000 -1
HCO3- 61 0.980528 62 0.013460 63 0.005923 64 0.000076 65 0.000012 66 0.000000 67 0.000000 68 0.000000 69 0.000000 -1
NO3- 62 0.988062 63 0.005946 64 0.005950 65 0.000031 66 0.000012 67 0.000000 68 0.000000 69 0.000000 -1
PO2- 63 0.994414 64 0.001594 65 0.003985 66 0.000003 67 0.000004 -1
HNO3- 63 0.987963 64 0.006044 65 0.005950 66 0.000032 67 0.000012 68 0.000000 69 0.000000 70 0.000000 71 0.000000 -1
SO2- 64 0.944882 65 0.008974 66 0.045672 67 0.000100 68 0.000371 69 0.000000 70 0.000001 71 0.000000 72 0.000000 -1
C6- 72 0.935227 73 0.062979 74 0.001767 75 0.000026 76 0.000000 77 0.000000 78 0.000000 -1
C3H6O2- 74 0.961092 75 0.034478 76 0.004287 77 0.000137 78 0.000006 79 0.000000 80 0.000000 81 0.000000 82 0.000000 83 0.000000 84 0.000000 85 0.000000 86 0.000000 87 0.000000 -1
SiO3- 76 0.914560 77 0.048521 78 0.036360 79 0.000361 80 0.000196 81 0.000001 82 0.000000 83 0.000000 84 0.000000 -1
PO3- 79 0.991632 80 0.002384 81 0.005962 82 0.000010 83 0.000012 84 0.000000 85 0.000000 -1
Br- 79 0.507000 81 0.493000 -1
NH3NO2- 63 0.986969 64 0.009012 65 0.003983 66 0.000033 67 0.000004 68 0.000000 69 0.000000 70 0.000000 71 0.000000 72 0.000000 -1
SO3- 80 0.942239 81 0.009704 82 0.047439 83 0.000154 84 0.000461 85 0.000001 86 0.000002 87 0.000000 88 0.000000 89 0.000000 90 0.000000 -1
C7- 84 0.924847 85 0.072661 86 0.002447 87 0.000046 88 0.000001 89 0.000000 90 0.000000 91 0.000000 -1
NaNO3- 85 0.988062 86 0.005946 87 0.005950 88 0.000031 89 0.000012 90 0.000000 91 0.000000 92 0.000000 -1
NaPO2- 86 0.994414 87 0.001594 88 0.003985 89 0.000003 90 0.000004 -1
(COO)2- 88 0.967030 89 0.024806 90 0.007945 91 0.000193 92 0.000025 93 0.000001 94 0.000000 95 0.000000 96 0.000000 97 0.000000 98 0.000000 -1
(COO)2H- 89 0.966933 90 0.024901 91 0.007947 92 0.000194 93 0.000025 94 0.000001 95 0.000000 96 0.000000 97 0.000000 98 0.000000 99 0.000000 100 0.000000 -1
SiO4- 92 0.912002 93 0.049116 94 0.038124 95 0.000486 96 0.000269 97 0.000002 98 0.000001 99 0.000000 100 0.000000 101 0.000000 102 0.000000 -1
NaCl2- 93 0.574564 95 0.366872 97 0.058564 -1
PO4- 95 0.988859 96 0.003169 97 0.007929 98 0.000019 99 0.000024 100 0.000000 101 0.000000 102 0.000000 103 0.000000 -1
HPO4- 96 0.988760 97 0.003268 98 0.007928 99 0.000020 100 0.000024 101 0.000000 102 0.000000 103 0.000000 104 0.000000 105 0.000000 -1
SO4- 96 0.939604 97 0.010430 98 0.049197 99 0.000211 100 0.000554 101 0.000002 102 0.000003 103 0.000000 104 0.000000 105 0.000000 106 0.000000 107 0.000000 108 0.000000 -1
C8- 96 0.914582 97 0.082119 98 0.003226 99 0.000072 100 0.000001 101 0.000000 102 0.000000 103 0.000000 104 0.000000 -1
HSO4- 97 0.939510 98 0.010523 99 0.049193 100 0.000216 101 0.000554 102 0.000002 103 0.000003 104 0.000000 105 0.000000 106 0.000000 107 0.000000 108 0.000000 109 0.000000 110 0.000000 -1
C9- 108 0.904431 109 0.091358 110 0.004101 111 0.000107 112 0.000002 113 0.000000 114 0.000000 115 0.000000 116 0.000000 117 0.000000 -1
KCl2- 109 0.535854 110 0.000057 111 0.380807 112 0.000037 113 0.079299 114 0.000006 115 0.003940 -1
CH3SO4- 111 0.928896 112 0.021015 113 0.048758 114 0.000769 115 0.000551 116 0.000008 117 0.000003 118 0.000000 119 0.000000 120 0.000000 121 0.000000 122 0.000000 123 0.000000 124 0.000000 125 0.000000 126 0.000000 127 0.000000 -1
NH4SO4- 114 0.935846 115 0.014145 116 0.049043 117 0.000407 118 0.000553 119 0.000004 120 0.000003 121 0.000000 122 0.000000 123 0.000000 124 0.000000 125 0.000000 126 0.000000 127 0.000000 128 0.000000 129 0.000000 130 0.000000 131 0.000000 -1
Na(NO2)2- 115 0.981750 116 0.010243 117 0.007908 118 0.000076 119 0.000024 120 0.000000 121 0.000000 122 0.000000 123 0.000000 124 0.000000 125 0.000000 -1
AlSiO4- 119 0.912002 120 0.049116 121 0.038124 122 0.000486 123 0.000269 124 0.000002 125 0.000001 126 0.000000 127 0.000000 128 0.000000 129 0.000000 -1
NaSO4- 119 0.939604 120 0.010430 121 0.049197 122 0.000211 123 0.000554 124 0.000002 125 0.000003 126 0.000000 127 0.000000 128 0.000000 129 0.000000 130 0.000000 131 0.000000 -1
H(NO3)2- 125 0.976168 126 0.011846 127 0.011792 128 0.000133 129 0.000059 130 0.000001 131 0.000000 132 0.000000 133 0.000000 134 0.000000 135 0.000000 136 0.000000 137 0.000000 138 0.000000 139 0.000000 140 0.000000 -1
NaNO2NO3- 131 0.979004 132 0.010998 133 0.009855 134 0.000102 135 0.000040 136 0.000000 137 0.000000 138 0.000000 139 0.000000 140 0.000000 141 0.000000 142 0.000000 143 0.000000 -1
KSO4- 135 0.876300 136 0.009821 137 0.109093 138 0.000903 139 0.003827 140 0.000016 141 0.000040 142 0.000000 143 0.000000 144 0.000000 145 0.000000 146 0.000000 147 0.000000 148 0.000000 149 0.000000 -1
Nh4(NO3)2- 142 0.972361 143 0.015606 144 0.011794 145 0.000179 146 0.000060 147 0.000001 148 0.000000 149 0.000000 150 0.000000 151 0.000000 152 0.000000 153 0.000000 154 0.000000 155 0.000000 156 0.000000 157 0.000000 158 0.000000 159 0.000000 160 0.000000 161 0.000000 -1
Na(NO3)2- 147 0.976266 148 0.011750 149 0.011792 150 0.000132 151 0.000059 152 0.000001 153 0.000000 154 0.000000 155 0.000000 156 0.000000 157 0.000000 158 0.000000 159 0.000000 160 0.000000 161 0.000000 -1
Si3O4- 148 0.775744 149 0.120362 150 0.090815 151 0.009257 152 0.003554 153 0.000211 154 0.000055 155 0.000001 156 0.000000 157 0.000000 158 0.000000 159 0.000000 160 0.000000 161 0.000000 162 0.000000 -1
(NaCl)2Cl- 151 0.435520 153 0.417133 155 0.133175 157 0.014172 -1
(NH3)2(NO3)2- 158 0.968666 159 0.019241 160 0.011809 161 0.000223 162 0.000060 163 0.000001 164 0.000000 165 0.000000 166 0.000000 167 0.000000 168 0.000000 169 0.000000 170 0.000000 171 0.000000 172 0.000000 173 0.000000 174 0.000000 175 0.000000 176 0.000000 177 0.000000 178 0.000000 179 0.000000 180 0.000000 -1
HNO3HSO4- 160 0.928201 161 0.016075 162 0.054254 163 0.000603 164 0.000853 165 0.000008 166 0.000006 167 0.000000 168 0.000000 169 0.000000 170 0.000000 171 0.000000 172 0.000000 173 0.000000 174 0.000000 175 0.000000 176 0.000000 177 0.000000 178 0.000000 179 0.000000 180 0.000000 181 0.000000 -1
K(NO3)2- 163 0.910492 164 0.011056 165 0.076675 166 0.000915 167 0.000849 168 0.000009 169 0.000004 170 0.000000 171 0.000000 172 0.000000 173 0.000000 174 0.000000 175 0.000000 176 0.000000 177 0.000000 178 0.000000 179 0.000000 -1
HS2O7- 177 0.885243 178 0.019032 179 0.091023 180 0.001325 181 0.003293 182 0.000031 183 0.000053 184 0.000000 185 0.000000 186 0.000000 187 0.000000 188 0.000000 189 0.000000 190 0.000000 191 0.000000 192 0.000000 193 0.000000 194 0.000000 195 0.000000 196 0.000000 197 0.000000 198 0.000000 199 0.000000 200 0.000000 -1
H(HSO4)2- 195 0.882590 196 0.019859 197 0.092538 198 0.001450 199 0.003466 200 0.000036 201 0.000060 202 0.000000 203 0.000001 204 0.000000 205 0.000000 206 0.000000 207 0.000000 208 0.000000 209 0.000000 210 0.000000 211 0.000000 212 0.000000 213 0.000000 214 0.000000 215 0.000000 216 0.000000 217 0.000000 218 0.000000 219 0.000000 220 0.000000 221 0.000000 222 0.000000 -1
NH4(HSO4)2- 212 0.879148 213 0.023222 214 0.092255 215 0.001805 216 0.003458 217 0.000050 218 0.000059 219 0.000001 220 0.000001 221 0.000000 222 0.000000 223 0.000000 224 0.000000 225 0.000000 226 0.000000 227 0.000000 228 0.000000 229 0.000000 230 0.000000 231 0.000000 232 0.000000 233 0.000000 234 0.000000 235 0.000000 236 0.000000 237 0.000000 238 0.000000 239 0.000000 240 0.000000 241 0.000000 242 0.000000 243 0.000000 -1
KS2O7- 215 0.825684 216 0.017758 217 0.144458 218 0.002511 219 0.009195 220 0.000117 221 0.000271 222 0.000002 223 0.000004 224 0.000000 225 0.000000 226 0.000000 227 0.000000 228 0.000000 229 0.000000 230 0.000000 231 0.000000 232 0.000000 233 0.000000 234 0.000000 235 0.000000 236 0.000000 237 0.000000 238 0.000000 239 0.000000 -1
Na(HSO4)2- 217 0.882679 218 0.019772 219 0.092545 220 0.001441 221 0.003466 222 0.000036 223 0.000060 224 0.000000 225 0.000001 226 0.000000 227 0.000000 228 0.000000 229 0.000000 230 0.000000 231 0.000000 232 0.000000 233 0.000000 234 0.000000 235 0.000000 236 0.000000 237 0.000000 238 0.000000 239 0.000000 240 0.000000 241 0.000000 242 0.000000 243 0.000000 -1
K(HSO4)2- 233 0.823210 234 0.018529 235 0.145692 236 0.002683 237 0.009459 238 0.000131 239 0.000289 240 0.000003 241 0.000005 242 0.000000 243 0.000000 244 0.000000 245 0.000000 246 0.000000 247 0.000000 248 0.000000 249 0.000000 250 0.000000 251 0.000000 252 0.000000 253 0.000000 254 0.000000 255 0.000000 256 0.000000 257 0.000000 258 0.000000 259 0.000000 260 0.000000 261 0.000000 -1
