H+ 1 0.999900 2 0.000100 -1
Li+ 6 0.075000 7 0.925000 -1
N+2*+2 7 0.996399 8 0.003601 -1
B+ 10 0.199000 11 0.801000 -1
C+ 12 0.988901 13 0.011099 -1
CH3+ 15 0.988604 16 0.011392 17 0.000003 18 0.000000 19 0.000000 -1
OH+ 17 0.997103 18 0.000899 19 0.001998 20 0.000000 -1
NH3+ 17 0.996100 18 0.003899 19 0.000001 20 0.000000 21 0.000000 -1
H2O+ 18 0.997004 19 0.000998 20 0.001998 21 0.000000 22 0.000000 -1
NH4+ 18 0.996001 19 0.003998 20 0.000001 21 0.000000 22 0.000000 23 0.000000 -1
H3O+ 19 0.996904 20 0.001098 21 0.001998 22 0.000001 23 0.000000 24 0.000000 -1
Na+ 23 1.000000 -1
Mg+ 24 0.790000 25 0.100000 26 0.110000 -1
C2+ 24 0.977925 25 0.021952 26 0.000123 -1
C2H+ 25 0.977827 26 0.022047 27 0.000125 28 0.000000 -1
C2H2+ 26 0.977730 27 0.022143 28 0.000128 29 0.000000 30 0.000000 -1
Al+ 27 1.000000 -1
C2H3+ 27 0.977632 28 0.022238 29 0.000130 30 0.000000 31 0.000000 32 0.000000 -1
Si+ 28 0.922277 29 0.046714 30 0.031009 -1
CO+ 28 0.986135 29 0.011858 30 0.001985 31 0.000022 -1
C2H4+ 28 0.977534 29 0.022334 30 0.000132 31 0.000000 32 0.000000 33 0.000000 34 0.000000 -1
C2H5+ 29 0.977436 30 0.022429 31 0.000134 32 0.000000 33 0.000000 34 0.000000 35 0.000000 36 0.000000 -1
NO+ 30 0.993612 31 0.004387 32 0.001994 33 0.000007 -1
C2H6+ 30 0.977339 31 0.022525 32 0.000136 33 0.000000 34 0.000000 35 0.000000 36 0.000000 37 0.000000 38 0.000000 -1
P+ 31 1.000000 -1
NH4NH3+ 35 0.992116 36 0.007866 37 0.000018 38 0.000000 39 0.000000 40 0.000000 41 0.000000 42 0.000000 43 0.000000 44 0.000000 -1
NH4H2O+ 116 0.979206 117 0.008834 118 0.011803 119 0.000097 120 0.000059 121 0.000000 122 0.000000 123 0.000000 124 0.000000 125 0.000000 126 0.000000 127 0.000000 128 0.000000 129 0.000000 130 0.000000 131 0.000000 132 0.000000 133 0.000000 134 0.000000 135 0.000000 -1
C3+ 36 0.967071 37 0.032562 38 0.000365 39 0.000001 -1
C3H+ 37 0.966974 38 0.032655 39 0.000369 40 0.000001 41 0.000000 -1
C3H2+ 38 0.966878 39 0.032749 40 0.000372 41 0.000001 42 0.000000 43 0.000000 -1
K+ 39 0.932627 40 0.000100 41 0.067273 -1
C3H3+ 39 0.966781 40 0.032842 41 0.000375 42 0.000001 43 0.000000 44 0.000000 45 0.000000 -1
Ca+ 40 0.969358 42 0.006502 43 0.001401 44 0.020808 46 0.000030 48 0.001901 -1
C3H4+ 40 0.966684 41 0.032936 42 0.000378 43 0.000002 44 0.000000 45 0.000000 46 0.000000 47 0.000000 -1
C3H5+ 41 0.966588 42 0.033029 43 0.000382 44 0.000002 45 0.000000 46 0.000000 47 0.000000 48 0.000000 49 0.000000 -1
C3H6+ 42 0.966491 43 0.033122 44 0.000385 45 0.000002 46 0.000000 47 0.000000 48 0.000000 49 0.000000 50 0.000000 51 0.000000 -1
AlO+ 43 0.997203 44 0.000799 45 0.001998 -1
C3H7+ 43 0.966394 44 0.033216 45 0.000388 46 0.000002 47 0.000000 48 0.000000 49 0.000000 50 0.000000 51 0.000000 52 0.000000 53 0.000000 -1
SiO+ 44 0.919697 45 0.047320 46 0.032802 47 0.000118 48 0.000062 -1
AlOH+ 44 0.997103 45 0.000899 46 0.001998 47 0.000000 -1
Na2+ 46 1.000000 -1
Ti+ 46 0.080000 47 0.073000 48 0.738000 49 0.055000 50 0.054000 -1
NO2+ 46 0.990833 47 0.005169 48 0.003977 49 0.000018 50 0.000004 51 0.000000 -1
C4+ 48 0.956338 49 0.042934 50 0.000723 51 0.000005 52 0.000000 -1
C4H+ 49 0.956242 50 0.043025 51 0.000727 52 0.000005 53 0.000000 54 0.000000 -1
C4H2+ 50 0.956146 51 0.043117 52 0.000731 53 0.000006 54 0.000000 55 0.000000 56 0.000000 -1
C4H3+ 51 0.956051 52 0.043208 53 0.000736 54 0.000006 55 0.000000 56 0.000000 57 0.000000 58 0.000000 -1
V+ 50 0.002501 51 0.997499 -1
C4H4+ 52 0.955955 53 0.043299 54 0.000740 55 0.000006 56 0.000000 57 0.000000 58 0.000000 59 0.000000 60 0.000000 -1
Cr+ 50 0.043496 52 0.837915 53 0.094991 54 0.023598 -1
C4H5+ 53 0.955860 54 0.043391 55 0.000744 56 0.000006 57 0.000000 58 0.000000 59 0.000000 60 0.000000 61 0.000000 62 0.000000 -1
C4H6+ 54 0.955764 55 0.043482 56 0.000748 57 0.000006 58 0.000000 59 0.000000 60 0.000000 61 0.000000 62 0.000000 63 0.000000 64 0.000000 -1
Fe+ 54 0.058029 56 0.917458 57 0.021411 58 0.003102 -1
Mn+ 55 1.000000 -1
C4H7+ 55 0.955668 56 0.043573 57 0.000753 58 0.000006 59 0.000000 60 0.000000 61 0.000000 62 0.000000 63 0.000000 64 0.000000 65 0.000000 66 0.000000 -1
CaO+ 56 0.966647 57 0.000775 58 0.008421 59 0.001402 60 0.020764 61 0.000019 62 0.000071 63 0.000000 64 0.001896 65 0.000002 66 0.000004 -1
C4H8+ 56 0.955573 57 0.043664 58 0.000757 59 0.000006 60 0.000000 61 0.000000 62 0.000000 63 0.000000 64 0.000000 65 0.000000 66 0.000000 67 0.000000 68 0.000000 -1
CaOH+ 57 0.966550 58 0.000871 59 0.008420 60 0.001403 61 0.020762 62 0.000021 63 0.000071 64 0.000000 65 0.001896 66 0.000002 67 0.000004 68 0.000000 -1
C4H9+ 57 0.955477 58 0.043755 59 0.000761 60 0.000006 61 0.000000 62 0.000000 63 0.000000 64 0.000000 65 0.000000 66 0.000000 67 0.000000 68 0.000000 69 0.000000 70 0.000000 -1
Ni+ 58 0.677864 60 0.263947 61 0.011598 62 0.037093 64 0.009498 -1
C4H10+ 58 0.955382 59 0.043847 60 0.000765 61 0.000006 62 0.000000 63 0.000000 64 0.000000 65 0.000000 66 0.000000 67 0.000000 68 0.000000 69 0.000000 70 0.000000 71 0.000000 72 0.000000 -1
C5+ 60 0.945723 61 0.053072 62 0.001191 63 0.000013 64 0.000000 65 0.000000 -1
Co_+ 59 1.000000 -1
Na2O+ 62 0.997203 63 0.000799 64 0.001998 -1
C5H+ 61 0.945629 62 0.053161 63 0.001197 64 0.000013 65 0.000000 66 0.000000 67 0.000000 -1
Na2OH+ 63 0.997103 64 0.000899 65 0.001998 66 0.000000 -1
C5H2+ 62 0.945534 63 0.053250 64 0.001202 65 0.000014 66 0.000000 67 0.000000 68 0.000000 69 0.000000 -1
Cu+ 63 0.691000 65 0.309000 -1
C5H3+ 63 0.945440 64 0.053340 65 0.001207 66 0.000014 67 0.000000 68 0.000000 69 0.000000 70 0.000000 71 0.000000 -1
Zn+ 64 0.488902 66 0.277944 67 0.040992 68 0.185963 70 0.006199 -1
C5H4+ 64 0.945345 65 0.053429 66 0.001212 67 0.000014 68 0.000000 69 0.000000 70 0.000000 71 0.000000 72 0.000000 73 0.000000 -1
TiO+ 62 0.079776 63 0.072860 64 0.736154 65 0.055582 66 0.055367 67 0.000153 68 0.000108 -1
C5H5+ 65 0.945251 66 0.053518 67 0.001217 68 0.000014 69 0.000000 70 0.000000 71 0.000000 72 0.000000 73 0.000000 74 0.000000 75 0.000000 -1
VO+ 66 0.002494 67 0.994711 68 0.000802 69 0.001993 -1
C5H6+ 66 0.945156 67 0.053607 68 0.001223 69 0.000014 70 0.000000 71 0.000000 72 0.000000 73 0.000000 74 0.000000 75 0.000000 76 0.000000 77 0.000000 -1
C5H7+ 67 0.945061 68 0.053696 69 0.001228 70 0.000014 71 0.000000 72 0.000000 73 0.000000 74 0.000000 75 0.000000 76 0.000000 77 0.000000 78 0.000000 79 0.000000 -1
Al2O+ 70 0.997203 71 0.000799 72 0.001998 -1
FeO+ 70 0.057867 71 0.000046 72 0.915008 73 0.022084 74 0.004944 75 0.000045 76 0.000006 -1
C6+ 72 0.935227 73 0.062979 74 0.001767 75 0.000026 76 0.000000 77 0.000000 78 0.000000 -1
FeOH+ 71 0.057861 72 0.000052 73 0.914916 74 0.022173 75 0.004945 76 0.000046 77 0.000006 78 0.000000 -1
CaCl+ 75 0.734773 77 0.239513 78 0.001062 79 0.017346 80 0.000339 81 0.005058 83 0.001448 85 0.000460 -1
As+ 75 1.000000 -1
K2+ 78 0.869793 79 0.000187 80 0.125481 81 0.000013 82 0.004526 -1
PO3+ 79 0.991632 80 0.002384 81 0.005962 82 0.000010 83 0.000012 84 0.000000 85 0.000000 -1
TiO2+ 78 0.079553 79 0.072720 80 0.734313 81 0.056160 82 0.056728 83 0.000308 84 0.000218 85 0.000000 86 0.000000 -1
CuOH+ 80 0.688998 81 0.000621 82 0.309485 83 0.000278 84 0.000617 85 0.000000 -1
Na2Cl+ 81 0.758000 83 0.242000 -1
CuOH2+ 81 0.688929 82 0.000690 83 0.309455 84 0.000309 85 0.000617 86 0.000000 87 0.000000 -1
VO2+ 82 0.002487 83 0.991931 84 0.001600 85 0.003976 86 0.000003 87 0.000004 -1
C7+ 84 0.924847 85 0.072661 86 0.002447 87 0.000046 88 0.000001 89 0.000000 90 0.000000 91 0.000000 -1
NaNO3+ 85 0.988062 86 0.005946 87 0.005950 88 0.000031 89 0.000012 90 0.000000 91 0.000000 92 0.000000 -1
CaNO2+ 86 0.960472 87 0.005010 88 0.010297 89 0.001439 90 0.020654 91 0.000113 92 0.000113 93 0.000001 94 0.001884 95 0.000010 96 0.000008 97 0.000000 98 0.000000 99 0.000000 -1
Sr+ 84 0.005599 86 0.098580 87 0.069986 88 0.825835 -1
Amine+ 86 1.000000 -1
FeO2+ 86 0.057705 87 0.000092 88 0.912564 89 0.022754 90 0.006776 91 0.000093 92 0.000016 93 0.000000 94 0.000000 -1
Zr+ 90 0.514515 91 0.112112 92 0.171171 94 0.174174 96 0.028028 -1
Na2NO2+ 92 0.990833 93 0.005169 94 0.003977 95 0.000018 96 0.000004 97 0.000000 -1
Mo+ 92 0.148104 94 0.092565 95 0.159111 96 0.167117 97 0.095567 98 0.241169 100 0.096367 -1
Ca2O+ 96 0.937027 97 0.000751 98 0.014448 99 0.002719 100 0.040297 101 0.000056 102 0.000410 103 0.000058 104 0.004108 105 0.000003 106 0.000034 107 0.000005 108 0.000079 109 0.000000 110 0.000000 111 0.000000 112 0.000004 113 0.000000 114 0.000000 -1
C8+ 96 0.914582 97 0.082119 98 0.003226 99 0.000072 100 0.000001 101 0.000000 102 0.000000 103 0.000000 104 0.000000 -1
Cu(OH)2+ 97 0.687003 98 0.001238 99 0.309966 100 0.000557 101 0.001234 102 0.000001 103 0.000001 104 0.000000 105 0.000000 -1
Cu(OH)2H+ 98 0.686934 99 0.001307 100 0.309935 101 0.000587 102 0.001234 103 0.000001 104 0.000001 105 0.000000 106 0.000000 107 0.000000 -1
H3PO4+ 98 0.988562 99 0.003465 100 0.007928 101 0.000021 102 0.000024 103 0.000000 104 0.000000 105 0.000000 106 0.000000 107 0.000000 108 0.000000 109 0.000000 -1
KNO3+ 101 0.921493 102 0.005644 103 0.072019 104 0.000429 105 0.000411 106 0.000002 107 0.000001 108 0.000000 109 0.000000 110 0.000000 -1
Na3S+ 101 0.950190 102 0.007502 103 0.042108 105 0.000200 -1
CaNO3+ 102 0.957785 103 0.005764 104 0.012192 105 0.001453 106 0.020618 107 0.000132 108 0.000154 109 0.000001 110 0.001879 111 0.000011 112 0.000011 113 0.000000 114 0.000000 115 0.000000 116 0.000000 117 0.000000 -1
SrO+ 100 0.005583 101 0.000004 102 0.098315 103 0.069869 104 0.823778 105 0.000800 106 0.001650 -1
Ag+ 107 0.518000 109 0.482000 -1
Na2NO3+ 108 0.988062 109 0.005946 110 0.005950 111 0.000031 112 0.000012 113 0.000000 114 0.000000 115 0.000000 -1
C9+ 108 0.904431 109 0.091358 110 0.004101 111 0.000107 112 0.000002 113 0.000000 114 0.000000 115 0.000000 116 0.000000 117 0.000000 -1
Na2SO2+ 110 0.944882 111 0.008974 112 0.045672 113 0.000100 114 0.000371 115 0.000000 116 0.000001 117 0.000000 118 0.000000 -1
(CaO)2+ 112 0.934406 113 0.001497 114 0.016280 115 0.002724 116 0.040216 117 0.000093 118 0.000490 119 0.000059 120 0.004097 121 0.000007 122 0.000042 123 0.000005 124 0.000079 125 0.000000 126 0.000000 127 0.000000 128 0.000004 129 0.000000 130 0.000000 131 0.000000 132 0.000000 -1
Fe2+ 108 0.003367 110 0.106478 111 0.002485 112 0.842089 113 0.039287 114 0.006150 115 0.000133 116 0.000010 -1
K2Cl+ 113 0.659303 114 0.000141 115 0.305605 116 0.000055 117 0.033797 118 0.000003 119 0.001095 -1
CaO2H+ 73 0.963847 74 0.001641 75 0.010328 76 0.001408 77 0.020722 78 0.000041 79 0.000113 80 0.000000 81 0.001890 82 0.000003 83 0.000008 84 0.000000 85 0.000000 86 0.000000 -1
MoO+ 108 0.147690 109 0.000118 110 0.092602 111 0.158740 112 0.166962 113 0.095751 114 0.240905 115 0.000384 116 0.096579 117 0.000077 118 0.000193 -1
Sn+ 112 0.009705 114 0.006503 115 0.003502 116 0.144072 117 0.076838 118 0.241121 119 0.085843 120 0.328164 122 0.046323 124 0.057929 -1
C10+ 120 0.894393 121 0.100383 122 0.005070 123 0.000152 124 0.000003 125 0.000000 126 0.000000 127 0.000000 128 0.000000 129 0.000000 130 0.000000 -1
Cu2+ 126 0.477481 128 0.427038 130 0.095481 -1
(TiO)2+ 124 0.006364 125 0.011625 126 0.122764 127 0.116140 128 0.558856 129 0.089926 130 0.084647 131 0.006396 132 0.003241 133 0.000029 134 0.000012 135 0.000000 136 0.000000 -1
(TiO)2H+ 125 0.006364 126 0.011624 127 0.122753 128 0.116141 129 0.558812 130 0.089973 131 0.084647 132 0.006404 133 0.003242 134 0.000029 135 0.000012 136 0.000000 137 0.000000 138 0.000000 -1
Zn2+ 128 0.239025 130 0.271775 131 0.040082 132 0.259088 133 0.022787 134 0.111116 135 0.015246 136 0.038028 137 0.000508 138 0.002306 140 0.000038 -1
Naphth+ 128 1.000000 -1
C11+ 132 0.884466 133 0.109195 134 0.006128 135 0.000206 136 0.000005 137 0.000000 138 0.000000 139 0.000000 140 0.000000 141 0.000000 142 0.000000 143 0.000000 -1
Ba+ 130 0.001098 132 0.000998 134 0.024159 135 0.065788 136 0.078367 137 0.111810 138 0.717780 -1
SnO+ 128 0.009678 129 0.000008 130 0.006504 131 0.003497 132 0.143685 133 0.076745 134 0.240796 135 0.085949 136 0.327796 137 0.000434 138 0.046849 139 0.000037 140 0.057860 141 0.000046 142 0.000116 -1
Si3Al2+ 138 0.784484 139 0.119204 140 0.085166 141 0.008118 142 0.002863 143 0.000135 144 0.000030 -1
K2NO3+ 140 0.859409 141 0.005356 142 0.129159 143 0.000787 144 0.005229 145 0.000031 146 0.000028 147 0.000000 148 0.000000 149 0.000000 150 0.000000 151 0.000000 -1
Na2NO5+ 140 0.982542 141 0.007487 142 0.009864 143 0.000067 144 0.000040 145 0.000000 146 0.000000 147 0.000000 148 0.000000 149 0.000000 150 0.000000 151 0.000000 -1
MeNaphth+ 142 1.000000 -1
Na2HSO4+ 143 0.939510 144 0.010523 145 0.049193 146 0.000216 147 0.000554 148 0.000002 149 0.000003 150 0.000000 151 0.000000 152 0.000000 153 0.000000 154 0.000000 155 0.000000 156 0.000000 -1
C12+ 144 0.874649 145 0.117800 146 0.007272 147 0.000272 148 0.000007 149 0.000000 150 0.000000 151 0.000000 152 0.000000 153 0.000000 154 0.000000 155 0.000000 156 0.000000 -1
Na3SO3+ 149 0.942239 150 0.009704 151 0.047439 152 0.000154 153 0.000461 154 0.000001 155 0.000002 156 0.000000 157 0.000000 158 0.000000 159 0.000000 -1
BaO+ 146 0.001095 147 0.000001 148 0.000997 149 0.000001 150 0.024093 151 0.065623 152 0.078249 153 0.111691 154 0.716018 155 0.000797 156 0.001434 -1
BaOH+ 147 0.001095 148 0.000001 149 0.000997 150 0.000001 151 0.024091 152 0.065619 153 0.078247 154 0.111688 155 0.715958 156 0.000868 157 0.001434 158 0.000000 -1
PAH-154+ 154 1.000000 -1
C13+ 156 0.864941 157 0.126200 158 0.008499 159 0.000350 160 0.000010 161 0.000000 162 0.000000 163 0.000000 164 0.000000 165 0.000000 166 0.000000 167 0.000000 168 0.000000 169 0.000000 -1
Na3NO5+ 163 0.982542 164 0.007487 165 0.009864 166 0.000067 167 0.000040 168 0.000000 169 0.000000 170 0.000000 171 0.000000 172 0.000000 173 0.000000 174 0.000000 -1
Na3SO4+ 165 0.939604 166 0.010430 167 0.049197 168 0.000211 169 0.000554 170 0.000002 171 0.000003 172 0.000000 173 0.000000 174 0.000000 175 0.000000 176 0.000000 177 0.000000 -1
(CaO)3+ 168 0.903240 169 0.002171 170 0.023606 171 0.003969 172 0.058418 173 0.000216 174 0.001221 175 0.000171 176 0.006573 177 0.000018 178 0.000123 179 0.000017 180 0.000238 181 0.000001 182 0.000003 183 0.000000 184 0.000013 185 0.000000 186 0.000000 187 0.000000 188 0.000000 189 0.000000 190 0.000000 191 0.000000 192 0.000000 193 0.000000 194 0.000000 195 0.000000 196 0.000000 197 0.000000 198 0.000000 -1
C14+ 168 0.855341 169 0.134400 170 0.009805 171 0.000440 172 0.000014 173 0.000000 174 0.000000 175 0.000000 176 0.000000 177 0.000000 178 0.000000 179 0.000000 180 0.000000 181 0.000000 182 0.000000 -1
(CaO)3H+ 171 0.902969 172 0.002441 173 0.023600 174 0.003975 175 0.058401 176 0.000234 177 0.001221 178 0.000172 179 0.006571 180 0.000020 181 0.000123 182 0.000017 183 0.000238 184 0.000001 185 0.000003 186 0.000000 187 0.000013 188 0.000000 189 0.000000 190 0.000000 191 0.000000 192 0.000000 193 0.000000 194 0.000000 195 0.000000 196 0.000000 197 0.000000 198 0.000000 199 0.000000 200 0.000000 201 0.000000 202 0.000000 203 0.000000 204 0.000000 -1
Me3Naphth+ 170 1.000000 -1
Na2NO7+ 172 0.977053 173 0.009011 174 0.013736 175 0.000115 176 0.000083 177 0.000001 178 0.000000 179 0.000000 180 0.000000 181 0.000000 182 0.000000 183 0.000000 184 0.000000 185 0.000000 186 0.000000 187 0.000000 -1
K2HSO40+ 175 0.817179 176 0.009328 177 0.160680 178 0.001530 179 0.010907 180 0.000077 181 0.000294 182 0.000001 183 0.000003 184 0.000000 185 0.000000 186 0.000000 187 0.000000 188 0.000000 189 0.000000 190 0.000000 191 0.000000 192 0.000000 -1
PAH-178+ 178 1.000000 -1
C15+ 180 0.845848 181 0.142401 182 0.011188 183 0.000544 184 0.000018 185 0.000000 186 0.000000 187 0.000000 188 0.000000 189 0.000000 190 0.000000 191 0.000000 192 0.000000 193 0.000000 194 0.000000 195 0.000000 -1
W+ 180 0.001300 182 0.262921 183 0.142957 184 0.306908 186 0.285914 -1
PAH-192+ 192 1.000000 -1
Pt+ 190 0.000100 192 0.007798 194 0.328934 195 0.337932 196 0.252949 198 0.072286 -1
Hg+ 196 0.001499 198 0.101898 199 0.168831 200 0.230769 201 0.131868 202 0.296703 204 0.068432 -1
WO+ 196 0.001296 197 0.000001 198 0.262188 199 0.142767 200 0.306689 201 0.000531 202 0.285728 203 0.000228 204 0.000571 -1
PAH-202+ 202 1.000000 -1
Pb+ 204 0.014000 206 0.241000 207 0.221000 208 0.524000 -1
BaFeO+ 200 0.000064 201 0.000000 202 0.001062 203 0.000024 204 0.002317 205 0.003830 206 0.026649 207 0.067204 208 0.114819 209 0.104397 210 0.659634 211 0.016408 212 0.003554 213 0.000033 214 0.000004 -1
PtO+ 206 0.000100 207 0.000000 208 0.007776 209 0.000006 210 0.328030 211 0.337250 212 0.253169 213 0.000877 214 0.072589 215 0.000058 216 0.000144 -1
K3SO4+ 213 0.762200 214 0.008706 215 0.204849 216 0.002050 217 0.020984 218 0.000174 219 0.001008 220 0.000006 221 0.000022 222 0.000000 223 0.000000 224 0.000000 225 0.000000 226 0.000000 227 0.000000 228 0.000000 229 0.000000 230 0.000000 231 0.000000 -1
PAH-216+ 216 1.000000 1 0.000000 -1
HgO+ 212 0.001495 213 0.000001 214 0.101616 215 0.168440 216 0.230462 217 0.132021 218 0.296440 219 0.000501 220 0.068833 221 0.000055 222 0.000137 -1
PbO+ 220 0.013961 221 0.000011 222 0.240354 223 0.220574 224 0.523192 225 0.000860 226 0.001047 -1
(CaO)4+ 224 0.873114 225 0.002798 226 0.030427 227 0.005139 228 0.075429 229 0.000384 230 0.002233 231 0.000333 232 0.009291 233 0.000037 234 0.000252 235 0.000037 236 0.000479 237 0.000002 238 0.000011 239 0.000001 240 0.000030 241 0.000000 242 0.000001 243 0.000000 244 0.000001 245 0.000000 246 0.000000 247 0.000000 248 0.000000 249 0.000000 250 0.000000 251 0.000000 252 0.000000 253 0.000000 254 0.000000 255 0.000000 256 0.000000 257 0.000000 258 0.000000 259 0.000000 260 0.000000 261 0.000000 262 0.000000 263 0.000000 264 0.000000 -1
(CaO)4H+ 225 0.873027 226 0.002885 227 0.030424 228 0.005142 229 0.075422 230 0.000391 231 0.002232 232 0.000334 233 0.009290 234 0.000038 235 0.000252 236 0.000038 237 0.000478 238 0.000002 239 0.000011 240 0.000001 241 0.000030 242 0.000000 243 0.000001 244 0.000000 245 0.000001 246 0.000000 247 0.000000 248 0.000000 249 0.000000 250 0.000000 251 0.000000 252 0.000000 253 0.000000 254 0.000000 255 0.000000 256 0.000000 257 0.000000 258 0.000000 259 0.000000 260 0.000000 261 0.000000 262 0.000000 263 0.000000 264 0.000000 265 0.000000 266 0.000000 -1
BaFeO2+ 216 0.000063 217 0.000000 218 0.001060 219 0.000025 220 0.002312 221 0.003821 222 0.026582 223 0.067045 224 0.114605 225 0.104331 226 0.658102 227 0.017098 228 0.004875 229 0.000069 230 0.000012 231 0.000000 232 0.000000 -1
