H 1 0.999900 2 0.000100 -1
He 4 1.000000 -1
Li 6 0.075000 7 0.925000 -1
Be 9 1.000000 -1
B 10 0.199000 11 0.801000 -1
C 12 0.988901 13 0.011099 -1
N 14 0.996399 15 0.003601 -1
O 16 0.997202 17 0.000799 18 0.001998 -1
F 19 1.000000 -1
Ne 20 0.905091 21 0.002700 22 0.092209 -1
Na 23 1.000000 -1
Mg 24 0.790000 25 0.100000 26 0.110000 -1
Al 27 1.000000 -1
Si 28 0.922277 29 0.046714 30 0.031009 -1
P 31 1.000000 -1
S 32 0.950190 33 0.007502 34 0.042108 36 0.000200 -1
Cl 35 0.758000 37 0.242000 -1
Ar 36 0.003400 38 0.000700 40 0.995900 -1
K 39 0.932627 40 0.000100 41 0.067273 -1
Ca 40 0.969359 42 0.006502 43 0.001401 44 0.020808 46 0.000030 48 0.001901 -1
Sc 45 1.000000 -1
Ti 46 0.080000 47 0.073000 48 0.738000 49 0.055000 50 0.054000 -1
V 50 0.002501 51 0.997499 -1
Cr 50 0.043496 52 0.837916 53 0.094991 54 0.023598 -1
Mn 55 1.000000 -1
Fe 54 0.058029 56 0.917459 57 0.021411 58 0.003102 -1
Co 59 1.000000 -1
Ni 58 0.677864 60 0.263947 61 0.011598 62 0.037093 64 0.009498 -1
Cu 63 0.691000 65 0.309000 -1
Zn 64 0.488902 66 0.277944 67 0.040992 68 0.185963 70 0.006199 -1
Ga 69 0.601000 71 0.399000 -1
Ge 70 0.207000 72 0.275000 73 0.077000 74 0.364000 76 0.077000 -1
As 75 1.000000 -1
Se 74 0.009018 76 0.090180 77 0.075150 78 0.235471 80 0.497996 82 0.092184 -1
Br 79 0.507000 81 0.493000 -1
Kr 78 0.003500 80 0.022500 82 0.116000 83 0.115000 84 0.570000 86 0.173000 -1
Rb 85 0.722000 87 0.278000 -1
Sr 84 0.005599 86 0.098580 87 0.069986 88 0.825835 -1
Y 89 1.000000 -1
Zr 90 0.514515 91 0.112112 92 0.171171 94 0.174174 96 0.028028 -1
Nb 93 1.000000 -1
Mo 92 0.148104 94 0.092565 95 0.159111 96 0.167117 97 0.095567 98 0.241169 100 0.096367 -1
Ru 96 0.055145 98 0.018781 99 0.126873 100 0.125874 101 0.170829 102 0.315684 104 0.186813 -1
Rh 103 1.000000 -1
Pb 204 0.014000 206 0.241000 207 0.221000 208 0.524000 -1
Ag 107 0.518000 109 0.482000 -1
Cd 106 0.012002 108 0.008902 110 0.124025 111 0.128026 112 0.241048 113 0.123025 114 0.288058 116 0.074915 -1
In 113 0.043000 115 0.957000 -1
Sn 112 0.009705 114 0.006503 115 0.003502 116 0.144072 117 0.076838 118 0.241121 119 0.085843 120 0.328164 122 0.046323 124 0.057929 -1
Sb 121 0.573000 123 0.427000 -1
Te 120 0.000902 122 0.026047 123 0.008716 124 0.048287 125 0.071529 126 0.187337 128 0.318573 130 0.338609 -1
I 127 1.000000 -1
Xe 124 0.000999 126 0.000899 128 0.019081 129 0.263736 130 0.040959 131 0.211788 132 0.268731 134 0.104895 136 0.088911 -1
Cs 133 1.000000 -1
Ba 130 0.001098 132 0.000998 134 0.024159 135 0.065788 136 0.078367 137 0.111810 138 0.717780 -1
La 138 0.000900 139 0.999100 -1
Ce 136 0.001899 138 0.002599 140 0.884558 142 0.110945 -1
Pr 141 1.000000 -1
Nd 142 0.270729 143 0.121878 144 0.238761 145 0.082917 146 0.171828 148 0.057542 150 0.056344 -1
Sm 144 0.031000 147 0.150000 148 0.112000 149 0.138000 150 0.074000 152 0.267000 154 0.228000 -1
Eu 151 0.478000 153 0.522000 -1
Gd 152 0.001996 154 0.021761 155 0.148732 156 0.205630 157 0.156718 158 0.246556 160 0.218607 -1
Tb 159 1.000000 -1
Dy 156 0.000600 158 0.001000 160 0.023400 161 0.189000 162 0.255000 163 0.249000 164 0.282000 -1
Ho 165 1.000000 -1
Er 162 0.001399 164 0.016092 166 0.335832 167 0.229885 168 0.267866 170 0.148926 -1
Tm 169 1.000000 -1
Yb 168 0.001299 170 0.030476 171 0.142886 172 0.218825 173 0.161871 174 0.317746 176 0.126898 -1
Lu 175 0.974097 176 0.025903 -1
Hf 174 0.001798 176 0.052053 177 0.185833 178 0.271755 179 0.137876 180 0.350684 -1
Ta 180 0.000100 181 0.999900 -1
W 180 0.001300 182 0.262921 183 0.142957 184 0.306908 186 0.285914 -1
Re 185 0.374000 187 0.626000 -1
Os 184 0.000200 186 0.015800 187 0.016000 188 0.133000 189 0.161000 190 0.264000 192 0.410000 -1
Ir 191 0.374000 193 0.626000 -1
Pt 190 0.000100 192 0.007798 194 0.328934 195 0.337932 196 0.252949 198 0.072286 -1
Au 197 1.000000 -1
Hg 196 0.001499 198 0.101898 199 0.168831 200 0.230769 201 0.131868 202 0.296703 204 0.068432 -1
Tl 203 0.295000 205 0.705000 -1
Pb 204 0.014000 206 0.241000 207 0.221000 208 0.524000 -1
Bi 209 1.000000 -1
Th 232 1.000000 -1
U 234 0.000060 235 0.007198 238 0.992742 -1
Amine 86 1.000000 -1
Naphth 128 1.0000000 -1
MeNaphth 142 1.000000 -1
Me2Naphth 163 1.000000 -1
Me3Naphth 170 1.000000 -1
PAH-154 154 1.000000 -1
PAH-178 178 1.000000 -1
PAH-192 192 1.000000 -1
PAH-202 202 1.000000 -1
PAH-216 216 216 1.000000 -1

