15 255
unknown_sig_in_group_0
1 0.107209 2 0.000011 4 0.892780 -1

unknown_sig_in_group_1
6 0.014514 7 0.179011 9 0.806474 -1

unknown_sig_in_group_2
10 0.088113 11 0.354666 12 0.551037 13 0.006185 -1

unknown_sig_in_group_3
14 0.141268 15 0.000511 16 0.855821 17 0.000686 18 0.001715 -1

unknown_sig_in_group_4
19 0.581089 20 0.379153 21 0.001131 22 0.038627 -1

K
39 0.932627 40 0.000100 41 0.067273 -1

Mn
55 1.000000 -1

Fe
54 0.058029 56 0.917458 57 0.021411 58 0.003102 -1

As
75 1.000000 -1

Sr
84 0.005599 86 0.098580 87 0.069986 88 0.825835 -1

Sn
112 0.009705 114 0.006503 115 0.003502 116 0.144072 117 0.076838 118 0.241121 119 0.085843 120 0.328164 122 0.046323 124 0.057929 -1

Eu
151 0.478000 153 0.522000 -1

Hf
174 0.001798 176 0.052053 177 0.185833 178 0.271755 179 0.137876 180 0.350684 -1

Tl
203 0.295000 205 0.705000 -1

Pb
204 0.014000 206 0.241000 207 0.221000 208 0.524000 -1

