b-020325141900-00002.ams
27 2368.0 28 161.0 29 2132.0 36 2749.0 37 2446.0 38 1433.0 39 1647.0 41 1157.0 42 129.0 43 1832.0 48 268.0 49 276.0 50 877.0 51 501.0 53 231.0 55 141.0 57 667.0 60 273.0 61 273.0 62 260.0 63 195.0 71 240.0 77 254.0 -1

b-020325141901-00003.ams
15 102.0 26 106.0 27 1125.0 29 1183.0 30 89.0 36 215.0 37 964.0 -1

f-020325161039-00001.ams
12 250.0 24 63.0 27 1061.0 29 968.0 36 384.0 37 808.0 38 561.0 39 1166.0 41 589.0 42 203.0 43 1820.0 50 368.0 51 512.0 53 141.0 57 669.0 60 141.0 63 372.0 65 306.0 71 229.0 77 338.0 85 159.0 -1

f-020325161040-00002.ams
15 88.0 27 673.0 29 555.0 36 210.0 37 653.0 38 541.0 39 993.0 41 396.0 43 1129.0 44 120.0 48 63.0 50 287.0 51 552.0 52 106.0 57 736.0 60 122.0 61 186.0 62 202.0 63 517.0 65 96.0 71 222.0 75 144.0 76 80.0 77 333.0 85 181.0 91 87.0 -1

f-020325161040-00003.ams
12 162.0 15 143.0 27 1386.0 29 1072.0 36 525.0 37 848.0 -1

h-020313145024-00002.ams
61 290.0 62 199.0 -1

h-020313145017-00001.ams
23 2210.0 24 4320.0 39 2849.0 40 4316.0 152 286.0 164 315.0 165 645.0 166 250.0 169 340.0 170 599.0 178 1704.0 179 397.0 181 194.0 182 360.0 184 480.0 190 4626.0 193 436.0 194 803.0 195 323.0 196 469.0 198 211.0 206 483.0 215 263.0 216 214.0 -1

i-020313161636-00001.ams
12 635.0 15 245.0 23 6924.0 24 210.0 25 266.0 27 1900.0 29 1612.0 36 597.0 37 1076.0 38 620.0 39 3818.0 41 2173.0 43 6903.0 44 597.0 55 1626.0 56 296.0 57 2949.0 69 423.0 71 738.0 105 222.0 149 383.0 -1

e-020313120444-00001.ams
23 4261.0 27 504.0 -1

h-020313145017-00001.ams
-1

e-020313120444-00001.ams
39 6444.0 40 10288.0 41 571.0 55 263.0 56 848.0 57 977.0 64 159.0 65 284.0 96 239.0 -1

e-020313120445-00002.ams
12 159.0 23 1157.0 27 1245.0 28 222.0 29 812.0 36 882.0 37 750.0 38 333.0 39 3788.0 40 6424.0 41 1138.0 42 278.0 43 1226.0 44 220.0 48 139.0 55 584.0 56 319.0 57 1332.0 -1

h-020313145017-00001.ams
-1

h-020313145024-00002.ams
12 406.0 15 95.0 27 1433.0 29 992.0 36 1633.0 37 1541.0 38 1105.0 39 1560.0 41 679.0 43 1985.0 48 418.0 49 175.0 -1

i-020313161636-00001.ams
-1

i-020313161639-00002.ams
12 43.0 27 600.0 29 722.0 36 80.0 37 159.0 38 71.0 39 355.0 40 41.0 41 137.0 42 82.0 -1

h-020313145024-00002.ams
50 704.0 51 677.0 57 676.0 60 306.0 61 172.0 -1

i-020313161639-00002.ams
43 784.0 44 56.0 48 46.0 50 167.0 51 176.0 55 40.0 57 724.0 60 68.0 61 84.0 62 94.0 63 210.0 65 47.0 71 497.0 74 98.0 76 46.0 77 126.0 85 262.0 87 62.0 115 215.0 149 165.0 150 47.0 -1

i-020313161642-00003.ams
12 3824.0 23 321.0 24 2111.0 26 248.0 27 669.0 29 149.0 36 5983.0 37 2555.0 38 467.0 39 668.0 48 3113.0 49 190.0 50 127.0 60 2216.0 72 363.0 84 198.0 -1

e-020313120445-00002.ams
60 205.0 61 149.0 96 495.0 -1

b-020325141859-00001.ams
65 53.0 71 314.0 74 128.0 76 55.0 77 176.0 85 203.0 87 62.0 89 75.0 -1

e-020313120445-00002.ams
-1

e-020313120448-00003.ams
12 936.0 15 413.0 24 170.0 26 168.0 27 2721.0 28 118.0 29 1479.0 36 1839.0 37 1964.0 38 1224.0 39 1832.0 41 1008.0 42 116.0 43 1348.0 49 398.0 50 668.0 51 1000.0 53 142.0 57 668.0 60 388.0 61 261.0 62 286.0 63 467.0 65 123.0 74 207.0 75 113.0 77 308.0 -1

b-020325141859-00001.ams
149 199.0 150 50.0 152 76.0 -1

b-020325141900-00002.ams
12 1552.0 15 561.0 24 899.0 -1

h-020313145024-00002.ams
63 430.0 65 131.0 71 238.0 74 227.0 77 312.0 -1

h-020313145025-00003.ams
12 62.0 27 280.0 29 286.0 36 411.0 37 561.0 38 238.0 39 234.0 41 422.0 43 811.0 44 77.0 49 169.0 50 330.0 51 165.0 57 736.0 60 254.0 61 364.0 62 338.0 63 424.0 71 464.0 74 120.0 75 128.0 77 139.0 85 449.0 -1

i-020313161642-00003.ams
-1

i-020313161646-00004.ams
12 3117.0 23 1968.0 24 1280.0 27 715.0 28 154.0 29 137.0 36 6082.0 37 1639.0 38 245.0 39 862.0 40 143.0 48 2475.0 -1

f-020325161041-00004.ams
39 444.0 41 263.0 43 488.0 45 41.0 48 78.0 49 44.0 50 163.0 51 290.0 53 73.0 55 63.0 57 559.0 60 47.0 62 109.0 63 312.0 65 108.0 71 180.0 74 43.0 75 52.0 77 50.0 85 192.0 87 69.0 149 193.0 181 38.0 196 42.0 -1

f-020325161042-00005.ams
12 142.0 15 299.0 27 2287.0 29 1589.0 36 693.0 37 1181.0 38 1038.0 39 1611.0 41 1125.0 42 155.0 43 2291.0 50 608.0 51 688.0 52 121.0 53 195.0 57 972.0 60 119.0 62 170.0 63 463.0 71 440.0 77 328.0 85 171.0 -1

f-020325161043-00006.ams
12 126.0 27 1573.0 29 876.0 36 600.0 37 1109.0 38 748.0 39 1169.0 41 760.0 43 1915.0 49 212.0 50 353.0 -1

b-020325141901-00003.ams
38 956.0 39 1289.0 41 1022.0 42 415.0 43 1601.0 44 154.0 48 76.0 49 113.0 50 501.0 51 541.0 55 193.0 57 1268.0 60 96.0 61 88.0 62 202.0 63 264.0 65 93.0 71 415.0 77 189.0 85 92.0 149 84.0 -1

b-020325141902-00004.ams
12 4411.0 17 213.0 23 276.0 24 2540.0 27 556.0 29 217.0 36 7112.0 37 1638.0 38 253.0 39 351.0 48 2719.0 60 1835.0 72 260.0 84 172.0 -1

b-020325141905-00005.ams
27 123.0 29 201.0 -1

h-020313145025-00003.ams
149 416.0 152 169.0 165 134.0 189 66.0 197 105.0 213 128.0 215 247.0 216 122.0 229 61.0 230 122.0 239 83.0 -1

h-020313145026-00004.ams
23 6641.0 24 1117.0 25 1148.0 26 183.0 27 274.0 -1

i-020313161646-00004.ams
48 174.0 49 191.0 60 2113.0 61 309.0 72 463.0 84 552.0 120 146.0 132 186.0 -1

i-020313161650-00005.ams
23 213.0 27 27.0 38 32.0 39 620.0 -1

h-020313145026-00004.ams
27 145.0 29 172.0 36 1356.0 37 957.0 38 357.0 39 4736.0 -1

i-020313161650-00005.ams
41 76.0 159 44.0 -1

i-020313161654-00006.ams
23 7649.0 24 855.0 39 14079.0 40 921.0 41 1288.0 42 1185.0 43 220.0 -1

i-020313161658-00007.ams
12 332.0 23 4027.0 24 518.0 27 1678.0 29 1407.0 36 648.0 37 981.0 38 736.0 39 2968.0 41 1172.0 43 4758.0 50 258.0 51 353.0 -1

h-020313145026-00004.ams
39 452.0 40 2108.0 41 1016.0 42 546.0 43 162.0 48 172.0 60 284.0 61 304.0 72 128.0 84 158.0 132 131.0 -1

i-020313161658-00007.ams
55 1633.0 56 399.0 57 2877.0 65 213.0 69 444.0 71 1302.0 77 326.0 85 577.0 149 349.0 -1

h-020313145026-00004.ams
-1

h-020313145029-00005.ams
27 29.0 37 84.0 39 63.0 41 126.0 43 52.0 50 33.0 57 112.0 60 26.0 63 70.0 71 49.0 -1

i-020313161658-00007.ams
-1

i-020313161709-00008.ams
12 1398.0 13 43.0 23 120.0 24 140.0 25 32.0 27 66.0 36 2343.0 37 823.0 38 206.0 39 214.0 48 369.0 49 54.0 50 202.0 51 93.0 60 64.0 63 49.0 -1

h-020313145029-00005.ams
72 30.0 74 39.0 75 44.0 77 70.0 85 41.0 98 26.0 149 52.0 161 27.0 163 27.0 169 53.0 172 44.0 177 26.0 178 26.0 180 27.0 187 57.0 189 29.0 192 74.0 194 26.0 196 26.0 197 26.0 210 75.0 213 40.0 214 28.0 215 69.0 -1

i-020313161709-00008.ams
65 42.0 -1

i-020313161713-00009.ams
38 59.0 39 28.0 50 28.0 78 58.0 160 26.0 -1

i-020313161723-00010.ams
15 78.0 25 64.0 27 759.0 29 685.0 36 304.0 37 833.0 38 478.0 39 804.0 41 506.0 42 58.0 43 1547.0 48 213.0 49 91.0 50 409.0 51 367.0 55 93.0 57 729.0 58 62.0 60 160.0 61 60.0 62 199.0 63 285.0 65 77.0 71 454.0 72 122.0 74 110.0 -1

h-020313145029-00005.ams
215 145.0 216 374.0 217 120.0 220 57.0 224 57.0 226 135.0 227 47.0 228 225.0 229 28.0 230 179.0 237 27.0 241 44.0 243 63.0 -1

h-020313145033-00006.ams
23 4647.0 24 938.0 39 5654.0 40 486.0 41 952.0 165 340.0 -1

i-020313161723-00010.ams
77 263.0 85 164.0 -1

i-020313161728-00011.ams
12 1029.0 24 314.0 25 27.0 36 1882.0 37 59.0 39 126.0 48 62.0 61 26.0 62 28.0 63 58.0 98 45.0 135 27.0 -1

i-020313161731-00012.ams
12 3851.0 23 256.0 24 1868.0 27 875.0 29 107.0 36 4845.0 37 2237.0 38 473.0 39 764.0 48 1421.0 49 231.0 50 415.0 -1

h-020313145033-00006.ams
166 155.0 170 217.0 178 1880.0 179 191.0 180 348.0 181 190.0 182 508.0 184 601.0 189 380.0 191 673.0 192 1259.0 194 505.0 195 317.0 196 782.0 198 292.0 206 178.0 210 518.0 215 1485.0 217 225.0 -1

i-020313161731-00012.ams
51 102.0 60 548.0 63 166.0 -1

i-020313161733-00013.ams
12 2473.0 15 330.0 23 386.0 24 860.0 25 198.0 26 219.0 27 2385.0 28 402.0 29 1528.0 36 4145.0 37 2607.0 38 1278.0 39 1637.0 40 173.0 41 652.0 -1

h-020313145033-00006.ams
-1

h-020313145033-00007.ams
12 3849.0 23 1743.0 24 1325.0 25 372.0 26 587.0 27 696.0 36 5912.0 37 2295.0 39 542.0 40 151.0 48 1264.0 -1

i-020313161733-00013.ams
43 1332.0 48 1608.0 49 447.0 50 428.0 51 357.0 57 281.0 60 1016.0 61 156.0 62 170.0 77 146.0 -1

h-020313145033-00007.ams
60 1229.0 61 566.0 63 723.0 65 178.0 72 140.0 84 249.0 132 200.0 133 164.0 -1

i-020313161737-00014.ams
12 111.0 27 1543.0 29 1016.0 36 585.0 37 1028.0 38 972.0 39 1489.0 41 1030.0 43 2077.0 44 139.0 50 433.0 51 593.0 52 106.0 57 1125.0 60 346.0 62 83.0 63 396.0 65 285.0 71 359.0 74 133.0 77 340.0 85 175.0 149 172.0 -1

i-020313161743-00015.ams
23 43.0 -1

h-020313145034-00008.ams
23 278.0 27 354.0 29 273.0 37 410.0 38 90.0 39 665.0 41 319.0 43 606.0 50 200.0 51 241.0 55 323.0 57 727.0 60 88.0 61 259.0 62 85.0 63 337.0 69 84.0 71 538.0 73 84.0 74 92.0 77 400.0 85 266.0 89 127.0 105 150.0 149 313.0 165 113.0 169 82.0 178 104.0 181 161.0 182 187.0 -1

i-020313161743-00015.ams
27 61.0 39 167.0 40 30.0 43 31.0 50 50.0 51 29.0 59 46.0 81 28.0 91 29.0 144 53.0 151 60.0 159 27.0 163 26.0 169 43.0 177 48.0 178 77.0 180 62.0 181 241.0 182 62.0 183 193.0 184 27.0 185 43.0 191 26.0 -1

h-020313145034-00008.ams
195 83.0 196 116.0 200 89.0 206 174.0 210 253.0 214 89.0 216 382.0 222 117.0 239 79.0 242 84.0 -1

i-020313161743-00015.ams
193 47.0 195 185.0 196 46.0 197 81.0 198 26.0 199 81.0 201 26.0 204 29.0 210 29.0 212 26.0 215 111.0 216 52.0 227 26.0 229 83.0 233 48.0 234 26.0 -1

i-020313161749-00016.ams
12 1321.0 15 265.0 23 139.0 24 346.0 26 187.0 27 2127.0 29 1399.0 36 2393.0 37 1354.0 38 1003.0 39 1477.0 41 1078.0 -1

h-020313145034-00008.ams
-1

h-020313145035-00009.ams
12 154.0 15 128.0 27 641.0 29 411.0 36 973.0 37 1181.0 38 461.0 39 1024.0 41 496.0 42 89.0 43 1653.0 48 134.0 49 113.0 50 663.0 51 557.0 55 174.0 57 997.0 60 354.0 61 449.0 62 335.0 63 623.0 65 237.0 71 538.0 73 111.0 -1

i-020313161749-00016.ams
42 221.0 43 2068.0 48 231.0 49 160.0 50 510.0 51 426.0 55 251.0 57 915.0 60 276.0 61 181.0 63 243.0 65 138.0 71 386.0 77 293.0 -1

i-020313161750-00017.ams
23 268.0 27 828.0 29 624.0 36 172.0 37 443.0 38 342.0 39 852.0 41 889.0 43 2466.0 44 149.0 50 142.0 51 388.0 55 782.0 56 185.0 -1

h-020313145035-00009.ams
74 346.0 75 204.0 77 231.0 85 288.0 86 175.0 87 152.0 189 89.0 -1

h-020313145037-00010.ams
23 430.0 39 1368.0 166 145.0 170 453.0 171 195.0 178 2460.0 179 624.0 180 159.0 -1

i-020313161750-00017.ams
56 162.0 57 2344.0 58 164.0 60 136.0 63 387.0 69 201.0 71 1960.0 74 158.0 77 338.0 85 1285.0 105 158.0 149 969.0 -1

h-020313145037-00010.ams
182 789.0 184 1333.0 185 318.0 191 1678.0 192 172.0 193 605.0 195 1377.0 196 138.0 197 1057.0 206 392.0 208 256.0 209 904.0 212 144.0 214 132.0 215 2031.0 217 203.0 223 134.0 229 197.0 -1

i-020313161750-00017.ams
-1

h-020313145037-00010.ams
-1

h-020313145037-00011.ams
12 387.0 24 166.0 -1

i-020313161750-00017.ams
-1

i-020313161752-00018.ams
12 97.0 23 567.0 27 980.0 29 488.0 36 270.0 37 597.0 38 460.0 39 988.0 41 764.0 43 1446.0 48 78.0 50 352.0 51 367.0 53 91.0 55 641.0 56 146.0 57 604.0 60 160.0 61 203.0 62 133.0 63 362.0 71 557.0 74 121.0 76 90.0 77 208.0 81 80.0 85 195.0 86 83.0 -1

h-020313145037-00011.ams
27 996.0 29 630.0 36 1673.0 37 1847.0 38 1281.0 39 1033.0 40 103.0 41 490.0 43 1080.0 48 562.0 49 572.0 50 724.0 51 375.0 57 684.0 60 475.0 61 436.0 62 451.0 63 908.0 64 105.0 65 223.0 73 110.0 74 462.0 75 95.0 77 280.0 85 231.0 -1

h-020313145038-00012.ams
12 3772.0 23 4884.0 24 968.0 -1

i-020313161752-00018.ams
149 73.0 -1

i-020313161752-00019.ams
27 132.0 29 98.0 36 161.0 38 56.0 39 131.0 40 115.0 41 68.0 42 26.0 43 264.0 46 26.0 50 30.0 51 50.0 -1

h-020313145038-00012.ams
25 149.0 27 921.0 29 366.0 36 6212.0 37 1605.0 39 928.0 40 380.0 48 1383.0 60 1602.0 61 379.0 72 193.0 84 334.0 132 312.0 -1

i-020313161752-00019.ams
51 27.0 52 83.0 57 300.0 59 98.0 61 146.0 62 53.0 63 156.0 65 43.0 69 75.0 71 274.0 75 78.0 77 68.0 82 30.0 83 42.0 85 127.0 86 99.0 99 47.0 -1

h-020313145038-00012.ams
-1

h-020313145038-00013.ams
12 1289.0 24 150.0 27 1870.0 29 1432.0 36 2098.0 37 2008.0 38 1249.0 39 1651.0 41 1140.0 42 153.0 43 2206.0 48 242.0 49 189.0 50 749.0 51 653.0 53 172.0 55 165.0 57 1134.0 60 373.0 61 316.0 62 240.0 63 499.0 65 245.0 71 463.0 74 144.0 -1

i-020313161752-00019.ams
100 28.0 113 54.0 125 42.0 149 73.0 156 28.0 163 57.0 164 52.0 178 44.0 181 57.0 182 26.0 189 27.0 200 35.0 207 40.0 210 87.0 211 66.0 213 26.0 215 74.0 216 26.0 217 33.0 220 27.0 228 47.0 -1

h-020313145038-00013.ams
77 428.0 85 305.0 149 148.0 -1

h-020313145039-00014.ams
38 40.0 39 43.0 62 27.0 189 27.0 190 27.0 192 28.0 204 99.0 205 57.0 210 29.0 213 104.0 214 1301.0 215 172.0 216 94.0 218 126.0 219 29.0 225 44.0 226 240.0 -1

i-020313161752-00019.ams
230 99.0 239 32.0 244 26.0 252 26.0 256 26.0 523 27.0 -1

i-020313161754-00020.ams
12 3944.0 23 1210.0 24 2656.0 26 150.0 27 894.0 28 150.0 29 564.0 36 6088.0 37 2036.0 38 296.0 39 625.0 -1

h-020313145039-00014.ams
227 45.0 228 105.0 229 61.0 232 93.0 234 54.0 238 43.0 239 26.0 240 145.0 243 39.0 253 68.0 254 27.0 265 28.0 -1

h-020313145040-00015.ams
12 549.0 24 221.0 27 1322.0 29 1463.0 36 1649.0 37 2318.0 38 1052.0 39 1477.0 41 662.0 -1

i-020313161754-00020.ams
40 141.0 48 2156.0 60 1721.0 72 279.0 -1

i-020313161754-00021.ams
12 3091.0 23 1552.0 24 944.0 27 689.0 29 207.0 36 7110.0 37 2331.0 38 353.0 39 980.0 -1

h-020313145040-00015.ams
43 1831.0 48 373.0 49 311.0 50 1157.0 51 657.0 52 137.0 57 799.0 60 477.0 61 353.0 62 511.0 63 507.0 65 289.0 71 323.0 74 304.0 77 335.0 85 218.0 -1

h-020313145042-00016.ams
27 429.0 29 454.0 36 357.0 -1

i-020313161754-00021.ams
40 290.0 41 174.0 43 177.0 48 2336.0 49 380.0 60 2442.0 61 541.0 72 612.0 84 678.0 96 227.0 120 240.0 132 453.0 -1

h-020313145042-00016.ams
37 588.0 38 182.0 39 546.0 41 217.0 43 1003.0 48 205.0 50 394.0 51 619.0 52 97.0 55 91.0 57 1094.0 60 116.0 61 556.0 62 216.0 63 594.0 65 121.0 71 503.0 74 179.0 75 242.0 77 175.0 85 637.0 87 129.0 88 128.0 149 389.0 -1

i-020313161759-00022.ams
12 1121.0 15 488.0 23 1720.0 24 590.0 27 2272.0 29 1759.0 36 1238.0 37 1247.0 38 711.0 39 2648.0 41 1314.0 42 319.0 43 3807.0 44 620.0 50 461.0 51 530.0 53 164.0 55 1197.0 56 407.0 57 1990.0 61 159.0 63 302.0 65 170.0 69 250.0 71 790.0 77 437.0 85 408.0 149 215.0 -1

h-020313145042-00016.ams
150 81.0 165 114.0 187 81.0 196 106.0 200 108.0 215 364.0 216 321.0 -1

h-020313145042-00017.ams
12 4259.0 23 637.0 24 2083.0 27 653.0 29 186.0 36 7024.0 37 143.0 -1

i-020313161759-00022.ams
-1

h-020313145042-00017.ams
37 1501.0 38 193.0 39 192.0 40 166.0 43 168.0 48 2518.0 49 182.0 60 2114.0 72 492.0 84 535.0 96 139.0 120 248.0 132 188.0 -1

i-020313161759-00022.ams
-1

i-020313161802-00023.ams
12 3313.0 15 141.0 23 4662.0 24 1124.0 25 194.0 26 218.0 27 1159.0 28 211.0 29 140.0 36 5141.0 37 1755.0 39 1251.0 40 3416.0 -1

h-020313145042-00017.ams
-1

h-020313145044-00018.ams
12 4144.0 23 1217.0 24 1811.0 25 158.0 27 1096.0 28 149.0 29 254.0 36 7128.0 37 2070.0 38 155.0 39 417.0 48 1797.0 49 329.0 60 1945.0 61 567.0 72 482.0 84 440.0 132 407.0 -1

i-020313161802-00023.ams
41 169.0 48 649.0 52 189.0 60 716.0 61 333.0 64 158.0 -1

h-020313145044-00018.ams
-1

h-020313145046-00019.ams
23 6896.0 24 597.0 36 393.0 37 168.0 39 4452.0 40 6757.0 54 360.0 55 935.0 56 5433.0 57 209.0 -1

i-020313161802-00023.ams
-1

i-020313161805-00024.ams
12 203.0 23 686.0 27 1813.0 28 202.0 29 1371.0 36 479.0 37 1127.0 38 665.0 39 2158.0 41 1143.0 43 2446.0 48 245.0 50 377.0 51 737.0 55 1254.0 56 554.0 57 1452.0 61 347.0 -1

h-020313145046-00019.ams
-1

h-020313145047-00020.ams
27 39.0 37 49.0 75 27.0 165 40.0 170 53.0 174 41.0 178 233.0 179 28.0 180 85.0 184 29.0 190 29.0 191 258.0 -1

i-020313161805-00024.ams
62 221.0 63 450.0 69 287.0 71 791.0 75 171.0 77 439.0 85 311.0 91 187.0 149 292.0 -1

h-020313145047-00020.ams
192 799.0 193 219.0 194 91.0 196 97.0 198 110.0 206 198.0 208 125.0 209 61.0 210 70.0 215 109.0 216 411.0 217 95.0 219 29.0 220 55.0 221 26.0 228 129.0 230 112.0 232 76.0 234 46.0 -1

h-020313145048-00021.ams
12 4258.0 23 166.0 -1

i-020313161805-00024.ams
-1

i-020313161808-00025.ams
12 4406.0 23 1619.0 24 1514.0 25 172.0 27 886.0 29 260.0 36 7559.0 37 1600.0 -1

h-020313145048-00021.ams
23 169.0 24 2903.0 25 114.0 26 214.0 27 741.0 29 354.0 36 6536.0 37 2320.0 38 233.0 39 362.0 40 161.0 48 1664.0 60 931.0 -1

i-020313161808-00025.ams
39 888.0 48 2089.0 60 2074.0 61 176.0 72 424.0 84 248.0 132 171.0 -1

i-020313161813-00026.ams
12 378.0 23 2985.0 27 691.0 29 295.0 36 4175.0 37 1538.0 -1

h-020313145048-00021.ams
-1

h-020313145049-00022.ams
27 802.0 29 564.0 36 302.0 37 515.0 38 311.0 39 718.0 40 107.0 41 385.0 42 74.0 43 921.0 44 116.0 49 209.0 50 214.0 51 449.0 57 685.0 60 245.0 61 218.0 -1

i-020313161813-00026.ams
38 521.0 39 3198.0 41 854.0 42 202.0 43 858.0 48 1776.0 50 220.0 51 250.0 55 345.0 57 484.0 60 2953.0 61 1152.0 72 1064.0 73 455.0 84 1554.0 85 600.0 96 547.0 108 548.0 120 838.0 132 1053.0 -1

h-020313145049-00022.ams
62 338.0 63 515.0 71 338.0 74 174.0 77 286.0 85 98.0 87 166.0 99 65.0 149 255.0 150 58.0 188 74.0 189 60.0 202 60.0 -1

h-020313145052-00023.ams
12 3225.0 23 7480.0 24 880.0 26 124.0 36 2958.0 -1

i-020313161813-00026.ams
-1

i-020313161814-00027.ams
12 2462.0 23 337.0 24 2079.0 25 132.0 26 126.0 27 611.0 36 3408.0 37 2271.0 38 550.0 39 789.0 48 755.0 49 242.0 50 496.0 51 204.0 60 412.0 61 95.0 63 244.0 -1

i-020313161823-00028.ams
12 4490.0 -1

h-020313145052-00023.ams
37 990.0 39 4827.0 40 1121.0 41 390.0 48 162.0 60 271.0 61 210.0 -1

h-020313145054-00024.ams
23 6756.0 -1

i-020313161823-00028.ams
13 428.0 14 136.0 15 190.0 23 497.0 24 3196.0 25 202.0 26 279.0 27 1365.0 29 299.0 36 4968.0 37 2416.0 38 422.0 39 739.0 48 429.0 50 236.0 60 171.0 -1

i-020313161824-00029.ams
23 332.0 27 166.0 29 271.0 36 647.0 37 369.0 39 435.0 41 410.0 43 969.0 48 167.0 -1

h-020313145054-00024.ams
24 391.0 25 267.0 40 8759.0 41 3801.0 42 1499.0 44 5169.0 46 623.0 47 753.0 50 245.0 178 344.0 184 188.0 -1

i-020313161824-00029.ams
51 75.0 55 261.0 57 460.0 58 127.0 60 388.0 61 92.0 62 52.0 63 147.0 69 48.0 71 417.0 72 77.0 75 65.0 85 175.0 86 49.0 87 65.0 132 60.0 149 329.0 165 95.0 196 116.0 198 47.0 210 78.0 216 55.0 228 79.0 230 130.0 -1

h-020313145054-00024.ams
-1

h-020313145056-00025.ams
50 28.0 204 27.0 212 26.0 213 217.0 214 55.0 217 121.0 -1

h-020313145057-00026.ams
12 4115.0 23 253.0 24 2175.0 25 245.0 27 773.0 29 256.0 36 6717.0 37 2101.0 38 471.0 39 403.0 40 238.0 43 184.0 48 2895.0 49 329.0 50 142.0 -1

i-020313161824-00029.ams
-1

i-020313161831-00030.ams
23 167.0 24 26.0 36 172.0 39 437.0 41 39.0 48 199.0 60 194.0 72 153.0 75 31.0 77 27.0 84 85.0 96 55.0 108 26.0 109 27.0 132 127.0 -1

h-020313145057-00026.ams
60 2094.0 61 256.0 72 386.0 84 230.0 -1

h-020313145100-00027.ams
12 26.0 39 26.0 42 28.0 50 27.0 59 34.0 129 26.0 156 26.0 178 278.0 180 143.0 181 26.0 182 27.0 -1

i-020313161831-00030.ams
133 42.0 137 27.0 714 32.0 -1

i-020313161834-00031.ams
27 193.0 29 125.0 37 31.0 39 223.0 41 151.0 42 46.0 43 556.0 48 44.0 50 58.0 51 38.0 55 53.0 57 548.0 58 58.0 60 42.0 63 211.0 65 53.0 71 378.0 72 58.0 74 56.0 75 47.0 -1

h-020313145100-00027.ams
182 76.0 184 197.0 185 60.0 192 98.0 196 86.0 198 27.0 206 41.0 210 109.0 216 28.0 225 27.0 230 27.0 -1

h-020313145103-00028.ams
37 31.0 38 60.0 39 120.0 41 54.0 110 26.0 -1

h-020313145104-00029.ams
36 40.0 56 39.0 166 72.0 167 265.0 175 1303.0 176 163.0 177 289.0 178 155.0 179 59.0 181 248.0 187 47.0 -1

i-020313161834-00031.ams
85 269.0 86 49.0 88 57.0 89 49.0 147 55.0 149 191.0 152 30.0 153 44.0 165 73.0 169 50.0 181 46.0 183 43.0 196 107.0 200 36.0 202 78.0 206 30.0 213 88.0 222 32.0 224 44.0 228 140.0 230 198.0 231 47.0 -1

h-020313145104-00029.ams
187 71.0 188 1261.0 190 246.0 191 107.0 192 71.0 193 134.0 194 57.0 195 56.0 198 158.0 202 346.0 203 42.0 204 43.0 206 314.0 208 63.0 211 132.0 212 601.0 213 131.0 214 96.0 222 101.0 224 52.0 237 66.0 -1

i-020313161834-00031.ams
-1

i-020313161839-00032.ams
27 62.0 39 79.0 50 44.0 96 43.0 120 26.0 217 28.0 -1

i-020313161840-00033.ams
29 53.0 37 26.0 38 27.0 41 55.0 43 72.0 45 27.0 50 29.0 57 78.0 59 27.0 61 28.0 63 29.0 71 77.0 85 150.0 149 165.0 154 27.0 168 28.0 176 39.0 177 43.0 185 28.0 206 26.0 216 26.0 256 26.0 315 26.0 -1

h-020313145104-00029.ams
-1

h-020313145105-00030.ams
12 4087.0 13 136.0 24 2519.0 25 120.0 27 725.0 29 118.0 36 6800.0 37 1988.0 38 364.0 39 226.0 48 2558.0 49 178.0 50 122.0 60 1533.0 61 118.0 72 236.0 -1

i-020313161840-00033.ams
394 27.0 -1

i-020313161840-00034.ams
23 720.0 27 1295.0 29 1168.0 36 259.0 37 509.0 38 490.0 39 1543.0 41 888.0 43 3065.0 44 189.0 50 236.0 51 422.0 53 218.0 55 810.0 56 307.0 57 4274.0 58 1047.0 60 271.0 63 307.0 72 3726.0 75 219.0 77 200.0 85 2043.0 105 500.0 149 1028.0 -1

h-020313145105-00030.ams
-1

h-020313145106-00031.ams
23 203.0 39 1134.0 40 65.0 42 61.0 178 407.0 184 62.0 189 359.0 190 79.0 -1

i-020313161840-00034.ams
-1

i-020313161843-00035.ams
23 48.0 38 29.0 39 161.0 43 70.0 48 68.0 52 28.0 60 110.0 77 28.0 108 49.0 119 31.0 132 104.0 162 44.0 164 36.0 168 86.0 -1

h-020313145106-00031.ams
191 451.0 192 1050.0 193 187.0 194 203.0 195 265.0 196 213.0 198 70.0 199 91.0 201 309.0 204 81.0 205 206.0 206 691.0 207 195.0 210 164.0 212 71.0 215 2332.0 217 323.0 218 112.0 220 65.0 -1

i-020313161843-00035.ams
175 27.0 184 29.0 192 26.0 -1

i-020313161847-00036.ams
12 4637.0 23 3980.0 24 1527.0 25 219.0 26 603.0 27 1079.0 29 316.0 36 6534.0 37 1916.0 39 1115.0 40 677.0 48 930.0 49 150.0 60 1216.0 61 599.0 72 159.0 84 182.0 -1

h-020313145106-00031.ams
224 106.0 227 123.0 229 188.0 -1

h-020313145108-00032.ams
12 327.0 15 224.0 23 5804.0 24 318.0 27 1732.0 29 1033.0 36 602.0 37 1096.0 38 731.0 39 3365.0 41 1517.0 44 6992.0 50 328.0 51 273.0 55 1331.0 56 308.0 57 3382.0 -1

i-020313161847-00036.ams
-1

i-020313161850-00037.ams
12 891.0 13 41.0 24 285.0 36 1479.0 37 200.0 39 73.0 40 98.0 48 103.0 50 70.0 51 57.0 62 77.0 172 29.0 -1

i-020313161855-00038.ams
12 4461.0 23 2943.0 24 1748.0 25 176.0 26 344.0 27 599.0 29 186.0 -1

h-020313145108-00032.ams
58 280.0 69 442.0 71 1188.0 85 585.0 105 267.0 149 457.0 -1

h-020313145108-00033.ams
23 89.0 29 83.0 36 365.0 -1

i-020313161855-00038.ams
36 7563.0 37 1727.0 39 1055.0 48 1645.0 49 164.0 60 1645.0 61 286.0 72 417.0 84 404.0 -1

h-020313145108-00033.ams
37 130.0 39 430.0 41 335.0 43 736.0 48 522.0 50 96.0 55 177.0 57 680.0 60 451.0 61 190.0 62 76.0 63 343.0 65 89.0 69 175.0 71 552.0 72 448.0 73 85.0 74 96.0 83 184.0 84 479.0 85 389.0 87 111.0 96 401.0 108 227.0 109 91.0 120 490.0 132 723.0 133 95.0 134 95.0 144 282.0 149 235.0 168 133.0 -1

i-020313161855-00038.ams
-1

i-020313161857-00039.ams
12 389.0 23 114.0 24 59.0 27 101.0 36 1703.0 37 220.0 38 217.0 39 439.0 40 47.0 48 1131.0 49 57.0 50 181.0 60 996.0 61 97.0 72 309.0 73 126.0 74 67.0 76 61.0 -1

h-020313145108-00033.ams
180 120.0 188 84.0 192 124.0 213 259.0 215 333.0 216 286.0 217 120.0 -1

h-020313145110-00034.ams
12 1490.0 15 427.0 18 443.0 24 559.0 25 125.0 26 165.0 27 1677.0 28 401.0 29 470.0 30 224.0 31 414.0 36 2540.0 37 2234.0 -1

i-020313161857-00039.ams
84 250.0 85 53.0 96 59.0 101 46.0 108 117.0 113 51.0 120 253.0 132 347.0 144 82.0 156 73.0 -1

i-020313161901-00040.ams
12 2408.0 15 392.0 23 250.0 24 611.0 27 2876.0 29 2063.0 36 3052.0 37 2282.0 -1

h-020313145110-00034.ams
38 1133.0 39 3898.0 40 672.0 41 929.0 42 316.0 43 374.0 48 387.0 49 135.0 50 564.0 51 274.0 55 142.0 58 131.0 60 267.0 61 152.0 62 183.0 63 117.0 -1

h-020313145110-00035.ams
12 72.0 27 472.0 29 681.0 -1

i-020313161901-00040.ams
38 1240.0 39 2117.0 40 177.0 41 1212.0 43 2085.0 48 283.0 49 290.0 50 696.0 51 291.0 57 712.0 77 191.0 -1

i-020313161903-00041.ams
12 385.0 15 254.0 23 8626.0 27 1787.0 29 2433.0 36 521.0 37 1033.0 38 817.0 39 4387.0 40 213.0 41 3468.0 43 6129.0 44 391.0 55 1414.0 57 2031.0 -1

h-020313145110-00035.ams
36 414.0 37 607.0 38 506.0 39 732.0 41 389.0 43 1061.0 48 224.0 49 156.0 50 356.0 51 461.0 53 119.0 57 527.0 60 319.0 61 278.0 62 283.0 63 657.0 65 154.0 71 271.0 73 122.0 74 408.0 75 185.0 77 92.0 83 78.0 85 297.0 86 101.0 87 139.0 149 155.0 -1

i-020313161903-00041.ams
69 320.0 71 520.0 105 252.0 149 337.0 -1

h-020313145110-00035.ams
150 83.0 165 133.0 -1

h-020313145111-00036.ams
23 1018.0 27 126.0 36 845.0 37 208.0 39 1902.0 40 2806.0 41 628.0 43 216.0 48 524.0 49 154.0 50 200.0 51 525.0 60 839.0 61 618.0 63 532.0 -1

i-020313161903-00041.ams
-1

i-020313161906-00042.ams
12 1015.0 24 403.0 29 28.0 36 2393.0 37 379.0 38 133.0 39 66.0 48 82.0 49 30.0 50 46.0 52 27.0 60 67.0 62 54.0 146 28.0 -1

i-020313161908-00043.ams
22 87.0 27 26.0 28 27.0 36 48.0 38 468.0 39 125.0 40 27.0 41 72.0 42 26.0 -1

h-020313145111-00036.ams
64 279.0 65 130.0 72 673.0 74 179.0 75 221.0 84 613.0 85 328.0 86 267.0 96 362.0 108 387.0 109 221.0 120 563.0 132 962.0 133 144.0 144 534.0 152 263.0 156 145.0 165 164.0 168 221.0 180 194.0 216 138.0 -1

i-020313161908-00043.ams
49 26.0 193 40.0 211 26.0 -1

i-020313161913-00044.ams
27 115.0 39 39.0 110 27.0 227 42.0 -1

i-020313161918-00045.ams
12 4404.0 23 2672.0 24 1450.0 26 240.0 27 1315.0 28 262.0 29 728.0 36 6749.0 37 1539.0 39 968.0 48 1789.0 49 318.0 60 1936.0 61 270.0 72 328.0 84 494.0 132 154.0 -1

h-020313145111-00036.ams
-1

h-020313145114-00037.ams
12 709.0 24 171.0 27 674.0 29 485.0 36 2031.0 37 1359.0 38 609.0 -1

i-020313161918-00045.ams
-1

i-020313161922-00046.ams
12 2996.0 23 6092.0 24 402.0 27 129.0 36 5073.0 37 1311.0 39 3121.0 40 169.0 41 126.0 48 668.0 60 913.0 84 145.0 -1

h-020313145114-00037.ams
39 773.0 41 306.0 43 1218.0 48 553.0 50 348.0 51 242.0 55 122.0 57 555.0 60 397.0 61 333.0 62 333.0 63 419.0 71 403.0 72 92.0 74 351.0 75 170.0 77 217.0 85 312.0 87 115.0 89 93.0 149 117.0 -1

h-020313145114-00038.ams
12 295.0 24 138.0 27 948.0 29 744.0 -1

i-020313161922-00046.ams
132 132.0 -1

i-020313161923-00047.ams
12 219.0 23 6890.0 36 425.0 37 412.0 39 4927.0 40 219.0 41 421.0 132 261.0 -1

h-020313145114-00038.ams
36 757.0 37 1637.0 38 988.0 39 1094.0 41 490.0 42 73.0 43 1495.0 48 188.0 49 284.0 50 455.0 51 631.0 57 570.0 60 396.0 61 245.0 62 218.0 63 425.0 65 138.0 74 99.0 77 240.0 -1

h-020313145115-00039.ams
27 46.0 29 26.0 39 27.0 62 51.0 191 65.0 192 177.0 193 52.0 195 26.0 196 29.0 198 46.0 206 52.0 -1

i-020313161923-00047.ams
-1

i-020313161931-00048.ams
12 1176.0 23 1089.0 24 300.0 27 475.0 29 159.0 36 4263.0 37 1106.0 38 242.0 39 1438.0 48 3526.0 -1

h-020313145115-00039.ams
207 27.0 208 26.0 209 47.0 214 44.0 215 126.0 216 214.0 217 27.0 220 45.0 248 39.0 -1

h-020313145117-00040.ams
12 3315.0 24 1785.0 27 508.0 29 169.0 36 5527.0 37 1647.0 38 409.0 39 476.0 40 119.0 48 2039.0 50 258.0 60 1054.0 61 118.0 63 239.0 -1

i-020313161931-00048.ams
51 269.0 60 3792.0 61 611.0 63 241.0 72 1926.0 73 258.0 84 1690.0 85 186.0 96 880.0 108 557.0 120 1281.0 132 1201.0 144 357.0 -1

h-020313145117-00040.ams
-1

h-020313145118-00041.ams
12 905.0 15 165.0 24 113.0 27 1978.0 28 96.0 29 1193.0 36 2068.0 37 2300.0 38 1089.0 39 1051.0 41 596.0 42 117.0 43 1257.0 48 256.0 49 253.0 50 871.0 51 535.0 57 576.0 60 175.0 61 207.0 62 231.0 63 310.0 71 142.0 77 244.0 -1

h-020313145119-00042.ams
27 82.0 37 30.0 39 78.0 -1

i-020313161931-00048.ams
-1

i-020313161935-00049.ams
23 7009.0 24 587.0 39 6511.0 40 189.0 41 579.0 73 563.0 -1

h-020313145119-00042.ams
51 50.0 163 28.0 -1

h-020313145120-00043.ams
12 1364.0 23 6183.0 24 372.0 36 3022.0 37 811.0 40 15521.0 43 1239.0 44 187.0 60 225.0 -1

h-020313145121-00044.ams
12 3130.0 24 1653.0 -1

i-020313161935-00049.ams
-1

i-020313161937-00050.ams
12 227.0 24 32.0 36 2074.0 37 198.0 39 61.0 48 776.0 60 1009.0 61 81.0 72 185.0 84 58.0 96 159.0 108 28.0 120 61.0 132 28.0 -1

h-020313145121-00044.ams
27 290.0 36 5218.0 37 2583.0 38 508.0 39 260.0 48 3533.0 49 370.0 50 220.0 60 2639.0 61 475.0 63 212.0 72 645.0 84 375.0 -1

i-020313161937-00050.ams
132 43.0 133 58.0 144 52.0 152 27.0 197 27.0 -1

i-020313161946-00051.ams
12 2117.0 23 3466.0 24 591.0 26 183.0 27 618.0 36 4351.0 37 1331.0 39 1742.0 40 8546.0 41 898.0 42 310.0 44 313.0 64 389.0 -1

h-020313145121-00044.ams
-1

h-020313145123-00045.ams
23 4416.0 41 25727.0 43 519.0 44 539.0 45 839.0 -1

i-020313161946-00051.ams
-1

i-020313161947-00052.ams
12 2954.0 13 81.0 23 113.0 24 2052.0 27 219.0 36 3960.0 37 1386.0 38 335.0 39 275.0 48 512.0 49 137.0 50 262.0 60 284.0 -1

i-020313161947-00053.ams
12 305.0 24 105.0 27 34.0 36 1362.0 -1

h-020313145123-00045.ams
-1

h-020313145126-00046.ams
12 157.0 27 466.0 29 239.0 36 149.0 37 345.0 38 292.0 39 457.0 41 255.0 43 781.0 -1

i-020313161947-00053.ams
37 200.0 39 222.0 48 442.0 49 169.0 60 170.0 84 27.0 87 29.0 148 46.0 197 28.0 210 32.0 248 28.0 255 27.0 259 42.0 336 32.0 362 26.0 -1

i-020313161952-00054.ams
27 53.0 37 76.0 38 51.0 39 28.0 51 33.0 53 26.0 -1

i-020313161955-00055.ams
12 3821.0 23 874.0 24 2709.0 26 160.0 27 893.0 29 338.0 36 6851.0 37 1800.0 38 178.0 39 854.0 -1

h-020313145126-00046.ams
43 68.0 48 302.0 49 153.0 50 224.0 51 466.0 52 71.0 57 673.0 60 253.0 61 247.0 62 251.0 63 653.0 65 75.0 71 231.0 73 219.0 74 426.0 75 292.0 77 170.0 85 208.0 86 125.0 87 181.0 89 82.0 149 186.0 165 68.0 168 73.0 196 72.0 -1

i-020313161955-00055.ams
40 160.0 43 150.0 48 2920.0 49 154.0 50 161.0 60 2035.0 72 327.0 84 278.0 96 152.0 132 217.0 -1

i-020313162003-00056.ams
37 58.0 38 82.0 -1

h-020313145126-00046.ams
200 79.0 213 149.0 215 129.0 216 174.0 239 74.0 -1

h-020313145126-00047.ams
12 4324.0 13 253.0 24 2698.0 25 127.0 27 675.0 29 108.0 36 5457.0 37 2355.0 38 448.0 39 334.0 48 1416.0 49 225.0 60 619.0 -1

i-020313162003-00056.ams
39 122.0 40 28.0 43 29.0 107 42.0 155 26.0 -1

i-020313162010-00057.ams
12 497.0 15 306.0 23 441.0 24 199.0 27 1721.0 29 1255.0 36 1694.0 37 1605.0 38 901.0 39 1598.0 40 217.0 41 895.0 43 2140.0 48 319.0 49 186.0 50 317.0 51 576.0 53 210.0 55 716.0 56 230.0 57 1611.0 60 347.0 61 194.0 -1

h-020313145126-00047.ams
-1

h-020313145127-00048.ams
23 4250.0 27 502.0 29 493.0 36 2384.0 37 1138.0 38 225.0 39 6417.0 40 1413.0 41 1182.0 43 324.0 48 1328.0 49 202.0 50 310.0 51 265.0 57 221.0 60 1682.0 61 736.0 72 663.0 84 828.0 85 437.0 96 166.0 -1

i-020313162010-00057.ams
62 168.0 63 464.0 65 129.0 71 908.0 77 306.0 85 473.0 105 279.0 149 363.0 -1

h-020313145127-00048.ams
96 182.0 120 438.0 132 680.0 -1

h-020313145128-00049.ams
12 5301.0 13 142.0 23 535.0 24 2950.0 25 145.0 26 118.0 -1

i-020313162010-00057.ams
-1

i-020313162013-00058.ams
12 1147.0 23 1385.0 24 275.0 27 1644.0 29 1056.0 36 1402.0 37 1108.0 38 872.0 -1

h-020313145128-00049.ams
27 746.0 29 151.0 36 7005.0 37 1475.0 39 238.0 40 402.0 48 1018.0 60 606.0 -1

i-020313162013-00058.ams
39 2131.0 41 1240.0 43 4925.0 44 386.0 45 274.0 50 236.0 51 322.0 55 1001.0 56 319.0 57 3983.0 58 516.0 63 211.0 69 281.0 71 2178.0 85 1061.0 105 387.0 149 620.0 -1

h-020313145128-00049.ams
-1

h-020313145129-00050.ams
12 5258.0 13 503.0 23 814.0 24 3277.0 25 122.0 26 275.0 27 886.0 29 370.0 36 6526.0 37 1531.0 38 119.0 39 478.0 40 408.0 48 898.0 60 379.0 -1

i-020313162013-00058.ams
-1

h-020313145129-00050.ams
-1

h-020313145133-00051.ams
12 4287.0 13 133.0 24 2352.0 29 254.0 36 6923.0 37 1607.0 38 155.0 39 158.0 48 2291.0 -1

i-020313162013-00058.ams
-1

i-020313162018-00059.ams
23 4725.0 24 924.0 26 394.0 27 167.0 40 8404.0 41 1339.0 42 1242.0 43 995.0 44 1821.0 178 704.0 180 270.0 184 546.0 191 148.0 192 150.0 194 156.0 195 157.0 196 426.0 198 263.0 210 273.0 -1

h-020313145133-00051.ams
60 1487.0 -1

h-020313145134-00052.ams
12 4040.0 13 466.0 14 130.0 24 2990.0 27 695.0 36 5479.0 -1

i-020313162018-00059.ams
-1

i-020313162022-00060.ams
12 2243.0 23 122.0 24 922.0 36 3133.0 37 650.0 39 117.0 48 682.0 50 67.0 60 46.0 148 76.0 -1

i-020313162025-00061.ams
25 42.0 27 103.0 39 106.0 540 27.0 -1

i-020313162026-00062.ams
12 3397.0 13 96.0 23 162.0 24 1588.0 27 458.0 -1

h-020313145134-00052.ams
37 2556.0 38 533.0 39 489.0 48 1264.0 50 122.0 60 513.0 -1

h-020313145134-00053.ams
12 594.0 23 1534.0 27 832.0 29 605.0 36 4273.0 37 1953.0 38 527.0 39 3853.0 40 454.0 -1

i-020313162026-00062.ams
36 4422.0 37 1777.0 38 460.0 39 623.0 48 1348.0 49 131.0 50 241.0 51 229.0 60 778.0 61 88.0 62 171.0 63 188.0 -1

i-020313162034-00063.ams
12 3519.0 13 426.0 15 140.0 23 150.0 24 2532.0 26 211.0 27 1373.0 29 507.0 36 4505.0 37 2857.0 -1

h-020313145134-00053.ams
41 797.0 43 770.0 48 2056.0 49 222.0 50 294.0 51 435.0 57 185.0 60 2356.0 61 931.0 72 746.0 84 771.0 120 412.0 132 850.0 -1

i-020313162034-00063.ams
38 697.0 39 823.0 40 196.0 43 292.0 48 814.0 50 396.0 51 236.0 60 267.0 63 123.0 -1

i-020313162046-00064.ams
12 350.0 23 27.0 36 619.0 37 39.0 38 30.0 39 164.0 40 26.0 48 131.0 60 112.0 147 28.0 -1

i-020313162046-00065.ams
23 2125.0 39 4014.0 40 617.0 -1

h-020313145134-00053.ams
-1

h-020313145139-00054.ams
23 397.0 27 781.0 29 580.0 36 162.0 37 393.0 38 376.0 39 1038.0 41 682.0 43 1712.0 44 280.0 50 215.0 51 310.0 55 415.0 57 1613.0 58 116.0 -1

i-020313162046-00065.ams
40 140.0 41 754.0 42 106.0 153 111.0 155 84.0 165 147.0 169 88.0 170 166.0 178 320.0 179 155.0 180 88.0 182 220.0 183 81.0 184 358.0 189 101.0 195 107.0 196 324.0 197 90.0 198 130.0 210 168.0 212 116.0 215 361.0 216 392.0 -1

h-020313145139-00054.ams
59 138.0 60 193.0 61 202.0 63 206.0 71 1312.0 72 155.0 74 259.0 75 282.0 77 323.0 85 838.0 86 155.0 98 125.0 105 381.0 149 493.0 150 124.0 216 328.0 -1

i-020313162046-00065.ams
-1

i-020313162047-00066.ams
12 153.0 15 207.0 23 725.0 27 1610.0 29 941.0 36 601.0 37 704.0 38 490.0 39 1877.0 41 1243.0 -1

h-020313145139-00054.ams
-1

h-020313145139-00055.ams
12 3964.0 13 279.0 23 114.0 24 2820.0 25 265.0 26 286.0 27 837.0 29 226.0 36 5509.0 37 2662.0 38 335.0 39 616.0 48 1787.0 60 922.0 -1

i-020313162047-00066.ams
42 187.0 43 3079.0 44 156.0 48 296.0 50 205.0 51 363.0 55 525.0 56 188.0 57 2337.0 63 286.0 65 240.0 69 320.0 71 1300.0 74 186.0 77 368.0 85 858.0 105 395.0 149 471.0 -1

h-020313145139-00055.ams
-1

h-020313145140-00056.ams
23 6174.0 24 777.0 25 1010.0 27 391.0 29 198.0 36 310.0 -1

i-020313162047-00066.ams
-1

h-020313145140-00056.ams
37 426.0 40 14291.0 42 1285.0 178 213.0 192 162.0 -1

i-020313162047-00066.ams
-1

i-020313162049-00067.ams
12 83.0 15 103.0 26 87.0 27 1250.0 29 901.0 36 109.0 -1

h-020313145140-00056.ams
-1

h-020313145142-00057.ams
12 245.0 23 199.0 36 3624.0 37 1264.0 38 367.0 39 1000.0 40 240.0 48 3128.0 49 467.0 50 538.0 51 504.0 60 3706.0 61 1069.0 62 382.0 63 767.0 72 1817.0 73 458.0 74 599.0 75 181.0 84 2248.0 85 350.0 87 305.0 96 912.0 108 868.0 -1

i-020313162049-00067.ams
37 663.0 38 557.0 39 1074.0 40 99.0 41 901.0 42 423.0 43 1985.0 44 163.0 49 106.0 50 297.0 51 384.0 53 159.0 55 172.0 57 1445.0 58 108.0 60 76.0 63 213.0 65 216.0 71 685.0 77 307.0 85 144.0 149 288.0 -1

i-020313162050-00068.ams
12 51.0 27 28.0 36 236.0 37 106.0 38 44.0 41 48.0 62 26.0 63 26.0 -1

h-020313145142-00057.ams
120 1805.0 121 249.0 132 1939.0 144 624.0 -1

h-020313145146-00058.ams
12 399.0 15 123.0 27 1228.0 29 808.0 36 2487.0 -1

i-020313162050-00068.ams
98 45.0 -1

i-020313162051-00069.ams
12 2077.0 24 859.0 36 3790.0 37 984.0 38 302.0 39 298.0 48 1925.0 50 189.0 60 1043.0 61 69.0 62 115.0 63 160.0 72 142.0 147 134.0 -1

i-020313162052-00070.ams
12 799.0 13 30.0 24 351.0 25 58.0 27 212.0 28 27.0 -1

h-020313145146-00058.ams
36 119.0 37 1439.0 38 694.0 39 1324.0 41 960.0 43 2010.0 44 151.0 48 963.0 50 251.0 51 412.0 55 490.0 57 1011.0 58 131.0 60 969.0 61 323.0 62 238.0 63 518.0 71 642.0 72 291.0 73 149.0 74 278.0 77 212.0 84 165.0 85 416.0 132 156.0 149 316.0 -1

i-020313162052-00070.ams
36 1029.0 37 203.0 39 44.0 48 110.0 50 103.0 51 92.0 63 26.0 -1

i-020313162059-00071.ams
37 99.0 39 54.0 131 27.0 -1

i-020313162102-00072.ams
12 1716.0 23 230.0 24 630.0 27 187.0 36 2535.0 37 680.0 39 380.0 41 47.0 48 747.0 49 133.0 50 106.0 51 111.0 60 470.0 61 51.0 -1

h-020313145146-00058.ams
-1

h-020313145149-00059.ams
23 312.0 39 1702.0 40 77.0 165 149.0 178 184.0 -1

i-020313162102-00072.ams
63 120.0 148 46.0 -1

i-020313162103-00073.ams
12 2524.0 23 2096.0 24 623.0 25 231.0 26 548.0 27 2060.0 28 398.0 29 903.0 36 6405.0 37 3517.0 38 722.0 39 1587.0 41 288.0 43 503.0 48 2029.0 49 481.0 60 1889.0 61 584.0 72 227.0 84 545.0 120 186.0 132 437.0 -1

h-020313145149-00059.ams
189 382.0 190 98.0 191 229.0 192 387.0 194 93.0 196 237.0 200 197.0 202 601.0 206 329.0 210 78.0 213 239.0 214 203.0 215 4495.0 217 611.0 218 291.0 222 80.0 226 169.0 228 155.0 230 303.0 -1

i-020313162103-00073.ams
-1

i-020313162104-00074.ams
12 3806.0 23 2870.0 24 1261.0 25 149.0 26 325.0 -1

h-020313145149-00059.ams
-1

h-020313145149-00060.ams
12 4836.0 23 914.0 24 2211.0 25 455.0 26 333.0 27 837.0 29 200.0 36 7234.0 37 2028.0 39 278.0 48 1723.0 49 196.0 60 1849.0 61 595.0 72 310.0 84 438.0 85 145.0 132 355.0 -1

i-020313162104-00074.ams
27 1239.0 29 509.0 36 5713.0 37 1747.0 38 184.0 39 1255.0 48 1412.0 49 163.0 60 1475.0 61 444.0 72 161.0 84 311.0 -1

h-020313145149-00060.ams
-1

h-020313145151-00061.ams
27 143.0 37 232.0 39 434.0 41 95.0 43 840.0 48 61.0 50 170.0 51 249.0 57 338.0 60 64.0 63 223.0 71 361.0 -1

i-020313162104-00074.ams
-1

i-020313162104-00075.ams
12 772.0 24 264.0 36 2297.0 37 219.0 41 29.0 48 131.0 -1

h-020313145151-00061.ams
75 246.0 77 77.0 85 157.0 87 183.0 88 65.0 89 68.0 105 178.0 115 65.0 149 231.0 151 69.0 189 338.0 192 115.0 195 70.0 196 126.0 200 82.0 202 74.0 210 136.0 213 153.0 215 595.0 216 951.0 217 151.0 226 297.0 228 70.0 229 92.0 230 194.0 232 88.0 238 71.0 250 115.0 -1

i-020313162104-00075.ams
49 29.0 60 72.0 61 29.0 65 26.0 150 30.0 -1

i-020313162112-00076.ams
12 3702.0 23 3736.0 24 961.0 27 682.0 29 187.0 36 5942.0 37 1483.0 39 937.0 48 936.0 60 927.0 61 165.0 84 238.0 -1

h-020313145151-00061.ams
-1

h-020313145151-00062.ams
23 10789.0 40 17202.0 42 415.0 -1

i-020313162112-00076.ams
-1

i-020313162112-00077.ams
23 333.0 37 26.0 39 499.0 41 44.0 50 58.0 60 26.0 61 27.0 79 28.0 84 28.0 119 26.0 153 53.0 166 31.0 176 28.0 178 28.0 183 28.0 188 59.0 -1

h-020313145151-00062.ams
-1

h-020313145154-00063.ams
26 53.0 49 59.0 90 27.0 163 26.0 175 309.0 176 52.0 177 48.0 181 80.0 182 46.0 188 29.0 189 386.0 191 87.0 192 26.0 193 182.0 194 26.0 204 65.0 206 54.0 208 27.0 212 53.0 -1

i-020313162112-00077.ams
191 28.0 193 26.0 213 27.0 223 27.0 225 26.0 268 28.0 -1

i-020313162114-00078.ams
12 65.0 23 26.0 24 28.0 36 653.0 38 41.0 39 258.0 41 66.0 48 464.0 49 83.0 52 42.0 60 842.0 61 89.0 72 308.0 77 29.0 79 28.0 84 327.0 96 86.0 98 26.0 108 156.0 109 26.0 120 255.0 121 48.0 132 169.0 133 52.0 139 28.0 144 71.0 148 45.0 -1

h-020313145154-00063.ams
213 45.0 -1

h-020313145157-00064.ams
12 234.0 24 76.0 27 801.0 29 696.0 36 660.0 37 964.0 38 394.0 39 1100.0 41 751.0 42 147.0 43 1141.0 44 94.0 49 194.0 50 702.0 51 499.0 53 92.0 57 721.0 60 299.0 61 150.0 62 242.0 63 518.0 65 202.0 71 275.0 -1

i-020313162114-00078.ams
151 42.0 157 27.0 159 29.0 160 27.0 168 73.0 169 27.0 176 27.0 180 69.0 -1

i-020313162117-00079.ams
12 233.0 23 341.0 36 2995.0 37 609.0 38 116.0 39 598.0 48 1983.0 49 264.0 60 2689.0 61 483.0 63 157.0 72 1478.0 84 1164.0 85 142.0 96 851.0 97 248.0 108 834.0 120 1442.0 121 241.0 -1

h-020313145157-00064.ams
74 194.0 77 211.0 86 109.0 87 89.0 149 129.0 -1

h-020313145201-00065.ams
12 491.0 23 7699.0 24 704.0 25 281.0 26 134.0 27 128.0 36 2148.0 37 371.0 39 7787.0 40 1436.0 41 442.0 42 158.0 -1

i-020313162117-00079.ams
132 1859.0 133 167.0 144 506.0 168 147.0 -1

i-020313162121-00080.ams
23 5038.0 24 380.0 36 790.0 37 182.0 39 6817.0 40 632.0 41 1085.0 42 118.0 -1

h-020313145201-00065.ams
48 214.0 60 460.0 72 150.0 84 244.0 120 131.0 132 191.0 -1

h-020313145202-00066.ams
23 942.0 -1

i-020313162121-00080.ams
48 293.0 60 379.0 72 341.0 84 393.0 96 173.0 108 149.0 120 398.0 132 603.0 144 128.0 -1

h-020313145202-00066.ams
39 1859.0 178 1293.0 179 230.0 180 286.0 182 146.0 183 143.0 184 193.0 189 720.0 190 209.0 191 2209.0 194 741.0 196 692.0 197 167.0 198 249.0 202 539.0 203 224.0 204 162.0 205 155.0 206 474.0 208 237.0 210 422.0 212 164.0 216 6670.0 217 152.0 218 272.0 220 355.0 226 144.0 230 442.0 -1

i-020313162121-00080.ams
-1

i-020313162132-00081.ams
12 343.0 23 5598.0 24 234.0 27 1049.0 28 186.0 29 761.0 36 2075.0 37 1800.0 38 185.0 39 7270.0 41 1452.0 43 773.0 48 780.0 49 189.0 55 317.0 60 1093.0 61 948.0 72 193.0 84 674.0 85 225.0 120 200.0 -1

h-020313145202-00066.ams
-1

h-020313145203-00067.ams
12 131.0 15 85.0 -1

i-020313162132-00081.ams
120 214.0 132 852.0 -1

i-020313162135-00082.ams
12 1946.0 13 87.0 23 213.0 -1

h-020313145203-00067.ams
27 1200.0 29 754.0 36 633.0 37 1389.0 38 743.0 39 1294.0 41 607.0 42 120.0 43 1502.0 44 80.0 48 163.0 49 145.0 50 745.0 51 678.0 52 115.0 55 137.0 57 644.0 60 315.0 61 255.0 62 397.0 63 561.0 65 284.0 71 239.0 74 100.0 75 95.0 77 213.0 85 203.0 -1

h-020313145206-00068.ams
12 570.0 15 175.0 23 7171.0 24 157.0 27 921.0 29 255.0 -1

i-020313162135-00082.ams
24 779.0 27 285.0 36 2487.0 37 870.0 38 312.0 39 567.0 48 470.0 49 104.0 50 219.0 51 133.0 60 316.0 61 65.0 62 57.0 63 201.0 77 80.0 -1

i-020313162145-00083.ams
12 4148.0 23 2198.0 24 1402.0 27 710.0 29 338.0 36 6784.0 37 182.0 -1

h-020313145206-00068.ams
36 2899.0 37 1626.0 38 196.0 39 4851.0 40 4639.0 41 403.0 43 148.0 48 153.0 60 319.0 61 188.0 84 191.0 120 151.0 132 367.0 -1

h-020313145207-00069.ams
27 111.0 37 85.0 38 31.0 -1

i-020313162145-00083.ams
37 1761.0 38 227.0 39 1674.0 48 2352.0 60 2091.0 61 177.0 72 590.0 84 471.0 120 149.0 132 233.0 -1

h-020313145207-00069.ams
39 28.0 41 27.0 51 28.0 77 42.0 210 26.0 -1

h-020313145209-00070.ams
12 128.0 15 108.0 25 111.0 27 1054.0 29 836.0 36 723.0 37 1073.0 38 785.0 39 1244.0 41 730.0 42 170.0 43 1850.0 48 174.0 49 269.0 50 555.0 51 743.0 57 835.0 60 439.0 61 306.0 62 484.0 63 544.0 -1

i-020313162145-00083.ams
-1

i-020313162148-00084.ams
26 56.0 36 43.0 38 28.0 39 60.0 139 28.0 -1

i-020313162151-00085.ams
23 644.0 39 3439.0 41 382.0 160 50.0 169 240.0 170 82.0 178 478.0 179 162.0 180 195.0 181 156.0 182 345.0 184 338.0 192 357.0 193 202.0 194 53.0 196 385.0 197 61.0 198 334.0 -1

h-020313145209-00070.ams
65 181.0 71 434.0 74 180.0 75 125.0 77 268.0 87 153.0 91 101.0 149 233.0 -1

h-020313145210-00071.ams
12 4711.0 13 149.0 23 872.0 24 3068.0 25 224.0 26 225.0 27 720.0 29 239.0 36 6376.0 37 1938.0 38 125.0 -1

i-020313162151-00085.ams
209 74.0 210 185.0 212 175.0 215 79.0 223 61.0 228 59.0 229 73.0 -1

i-020313162152-00086.ams
12 2785.0 23 7831.0 24 705.0 25 265.0 36 3725.0 37 1129.0 39 6930.0 41 230.0 48 240.0 60 362.0 61 141.0 -1

h-020313145210-00071.ams
39 412.0 40 1807.0 48 1232.0 60 607.0 -1

h-020313145213-00072.ams
23 1552.0 -1

i-020313162152-00086.ams
-1

i-020313162156-00087.ams
27 89.0 50 68.0 51 57.0 69 28.0 118 29.0 -1

i-020313162204-00088.ams
27 111.0 38 46.0 49 46.0 95 26.0 160 32.0 356 43.0 -1

i-020313162206-00089.ams
12 565.0 13 31.0 15 66.0 24 124.0 26 36.0 27 49.0 29 29.0 36 1365.0 37 132.0 39 36.0 -1

h-020313145213-00072.ams
39 1354.0 40 169.0 63 321.0 151 222.0 152 497.0 165 811.0 169 193.0 170 354.0 176 334.0 178 1184.0 182 276.0 184 557.0 187 219.0 189 1974.0 190 159.0 192 1721.0 195 248.0 196 800.0 197 284.0 198 282.0 202 667.0 203 150.0 205 155.0 -1

i-020313162206-00089.ams
48 28.0 50 27.0 52 27.0 60 26.0 -1

i-020313162210-00090.ams
27 105.0 51 28.0 61 52.0 78 51.0 258 26.0 -1

i-020313162211-00091.ams
12 47.0 13 27.0 24 26.0 27 153.0 30 28.0 36 246.0 37 370.0 38 207.0 39 205.0 41 46.0 42 27.0 43 53.0 48 57.0 49 71.0 51 56.0 60 27.0 62 66.0 63 131.0 65 28.0 77 72.0 315 31.0 -1

i-020313162216-00092.ams
23 187.0 -1

h-020313145213-00072.ams
206 252.0 210 387.0 213 394.0 214 154.0 216 3109.0 -1

h-020313145214-00073.ams
12 617.0 25 106.0 -1

i-020313162216-00092.ams
27 288.0 29 435.0 37 147.0 38 131.0 39 691.0 41 354.0 43 1104.0 50 92.0 51 180.0 55 402.0 57 1543.0 60 224.0 61 117.0 62 131.0 63 108.0 69 288.0 71 1163.0 74 88.0 77 84.0 85 549.0 105 99.0 149 450.0 150 225.0 155 94.0 -1

h-020313145214-00073.ams
27 1496.0 29 928.0 36 1443.0 37 1910.0 38 1105.0 39 1180.0 41 855.0 43 1380.0 48 152.0 49 403.0 50 726.0 51 565.0 57 476.0 60 268.0 61 158.0 62 194.0 63 293.0 71 120.0 77 242.0 -1

h-020313145214-00074.ams
12 3070.0 24 2425.0 27 430.0 36 4853.0 37 2759.0 38 570.0 -1

i-020313162216-00092.ams
210 127.0 216 115.0 -1

h-020313145214-00074.ams
39 417.0 40 124.0 48 3047.0 49 230.0 50 263.0 60 2028.0 72 156.0 -1

h-020313145216-00075.ams
12 194.0 15 122.0 25 211.0 27 1064.0 -1

i-020313162216-00092.ams
-1

i-020313162221-00093.ams
23 1863.0 27 145.0 29 220.0 36 750.0 37 361.0 39 2841.0 41 530.0 43 179.0 48 523.0 50 157.0 51 216.0 -1

h-020313145216-00075.ams
29 807.0 36 1003.0 37 1512.0 38 742.0 39 846.0 40 178.0 41 693.0 43 1066.0 48 183.0 49 243.0 50 876.0 51 427.0 57 664.0 58 83.0 60 382.0 61 367.0 62 402.0 63 592.0 65 115.0 71 184.0 74 276.0 75 124.0 76 149.0 77 317.0 -1

h-020313145217-00076.ams
12 2846.0 24 1334.0 25 175.0 -1

i-020313162221-00093.ams
60 1200.0 61 528.0 62 141.0 63 366.0 72 586.0 74 172.0 84 979.0 85 174.0 96 563.0 108 585.0 120 790.0 132 1279.0 133 165.0 144 494.0 152 313.0 156 125.0 167 152.0 168 194.0 181 240.0 -1

h-020313145217-00076.ams
26 109.0 27 324.0 36 4462.0 37 2463.0 38 478.0 39 600.0 48 2461.0 49 285.0 50 545.0 51 289.0 60 2256.0 61 167.0 62 206.0 63 385.0 72 167.0 84 126.0 -1

i-020313162221-00093.ams
-1

i-020313162226-00094.ams
12 5183.0 23 3236.0 24 1296.0 25 148.0 26 212.0 27 430.0 29 197.0 36 7046.0 37 1631.0 -1

h-020313145217-00076.ams
-1

h-020313145219-00077.ams
12 4405.0 23 126.0 24 2516.0 26 167.0 27 959.0 29 238.0 36 7202.0 37 1336.0 39 135.0 48 2172.0 60 1680.0 72 390.0 84 411.0 120 134.0 132 245.0 -1

i-020313162226-00094.ams
39 1039.0 40 1633.0 48 946.0 60 1050.0 61 421.0 -1

i-020313162230-00095.ams
24 27.0 27 55.0 41 54.0 51 27.0 61 59.0 62 28.0 -1

i-020313162233-00096.ams
12 3920.0 23 1911.0 24 825.0 27 391.0 -1

h-020313145219-00077.ams
-1

h-020313145221-00078.ams
12 316.0 23 2121.0 36 990.0 37 250.0 39 2619.0 -1

i-020313162233-00096.ams
36 6256.0 37 1810.0 39 756.0 48 961.0 60 1175.0 61 546.0 72 107.0 84 259.0 131 177.0 -1

h-020313145221-00078.ams
40 12111.0 41 967.0 43 343.0 44 250.0 64 625.0 -1

h-020313145223-00079.ams
23 2647.0 27 265.0 29 309.0 -1

i-020313162233-00096.ams
-1

i-020313162236-00097.ams
12 616.0 23 6326.0 24 818.0 26 231.0 27 740.0 28 302.0 36 4370.0 37 1937.0 39 4837.0 40 986.0 41 768.0 48 729.0 60 1127.0 61 258.0 72 344.0 84 538.0 132 616.0 -1

h-020313145223-00079.ams
39 2887.0 40 575.0 41 593.0 43 262.0 49 163.0 51 258.0 61 317.0 63 412.0 72 188.0 77 159.0 84 386.0 85 210.0 108 320.0 115 173.0 120 479.0 128 217.0 132 724.0 144 342.0 151 154.0 152 429.0 153 291.0 155 191.0 156 219.0 165 571.0 -1

i-020313162236-00097.ams
-1

i-020313162244-00098.ams
23 1607.0 39 3415.0 40 802.0 41 370.0 43 104.0 152 113.0 155 158.0 169 321.0 170 268.0 178 517.0 179 270.0 180 422.0 181 117.0 182 388.0 183 146.0 184 815.0 191 282.0 192 317.0 -1

h-020313145223-00079.ams
168 254.0 169 449.0 170 340.0 178 961.0 179 213.0 180 283.0 181 276.0 182 226.0 184 281.0 192 254.0 196 270.0 -1

i-020313162244-00098.ams
194 256.0 195 251.0 196 802.0 197 95.0 198 460.0 210 345.0 212 157.0 215 195.0 216 246.0 217 114.0 226 212.0 230 327.0 -1

h-020313145223-00079.ams
-1

h-020313145224-00080.ams
26 63.0 27 224.0 36 104.0 37 283.0 38 162.0 39 460.0 40 55.0 41 232.0 43 795.0 45 92.0 50 92.0 51 191.0 57 986.0 60 73.0 61 63.0 62 176.0 63 242.0 65 66.0 66 52.0 71 600.0 72 84.0 73 177.0 74 81.0 75 123.0 -1

i-020313162244-00098.ams
-1

i-020313162248-00099.ams
27 28.0 37 54.0 38 97.0 39 64.0 56 28.0 116 27.0 -1

i-020313162313-00100.ams
12 2342.0 24 1554.0 25 89.0 27 72.0 36 3275.0 37 1416.0 38 208.0 -1

h-020313145224-00080.ams
77 150.0 85 257.0 87 87.0 88 50.0 105 62.0 149 378.0 189 64.0 206 70.0 210 129.0 215 200.0 216 376.0 230 84.0 -1

h-020313145225-00081.ams
23 4503.0 39 8560.0 40 1291.0 41 1268.0 42 93.0 178 181.0 192 180.0 215 907.0 -1

i-020313162313-00100.ams
38 95.0 39 309.0 48 791.0 49 149.0 50 268.0 60 356.0 61 75.0 -1

i-020313162314-00101.ams
12 3601.0 23 1640.0 24 1411.0 25 190.0 26 247.0 27 1272.0 29 590.0 36 7120.0 37 2227.0 38 151.0 39 652.0 41 246.0 43 141.0 48 1359.0 49 222.0 60 633.0 -1

h-020313145225-00081.ams
-1

h-020313145226-00082.ams
12 131.0 27 624.0 29 340.0 36 480.0 -1

i-020313162314-00101.ams
60 795.0 61 611.0 72 150.0 84 250.0 85 143.0 132 408.0 -1

h-020313145226-00082.ams
37 650.0 38 445.0 39 805.0 41 332.0 43 1499.0 48 126.0 49 128.0 50 480.0 51 366.0 57 886.0 61 277.0 62 245.0 63 692.0 65 100.0 71 351.0 73 88.0 74 111.0 75 167.0 76 98.0 77 209.0 85 271.0 86 75.0 87 131.0 149 174.0 150 98.0 152 112.0 165 92.0 189 83.0 -1

i-020313162316-00102.ams
12 526.0 23 2857.0 27 518.0 36 4043.0 37 1355.0 39 3847.0 40 577.0 41 315.0 43 570.0 48 1892.0 49 241.0 57 207.0 60 2742.0 61 959.0 72 1568.0 84 1911.0 85 458.0 96 1049.0 108 898.0 120 1605.0 132 1702.0 144 458.0 169 211.0 180 399.0 -1

h-020313145226-00083.ams
12 3772.0 23 2968.0 24 1590.0 26 175.0 27 632.0 29 192.0 36 6867.0 37 1613.0 38 158.0 39 1727.0 40 335.0 48 2368.0 60 1813.0 61 145.0 72 474.0 84 328.0 120 137.0 -1

i-020313162316-00102.ams
-1

i-020313162317-00103.ams
12 4190.0 23 3491.0 24 877.0 27 419.0 36 6505.0 37 820.0 39 1137.0 48 974.0 60 1339.0 61 123.0 72 328.0 84 191.0 -1

h-020313145226-00083.ams
-1

h-020313145229-00084.ams
23 7001.0 24 1154.0 25 934.0 29 292.0 40 13901.0 42 692.0 -1

i-020313162317-00103.ams
84 232.0 132 241.0 -1

i-020313162318-00104.ams
12 2986.0 23 310.0 24 1541.0 27 496.0 36 6313.0 37 1525.0 38 276.0 39 574.0 -1

h-020313145229-00084.ams
43 328.0 184 225.0 -1

i-020313162318-00104.ams
43 157.0 48 3456.0 49 324.0 60 3243.0 61 150.0 72 823.0 84 503.0 96 209.0 120 329.0 132 291.0 -1

i-020313162320-00105.ams
12 949.0 23 116.0 24 191.0 36 2179.0 37 207.0 -1

h-020313145230-00085.ams
12 4082.0 23 2889.0 24 762.0 26 145.0 27 411.0 36 6287.0 37 1515.0 39 1151.0 40 547.0 48 697.0 60 1028.0 61 179.0 84 236.0 -1

i-020313162320-00105.ams
39 204.0 41 30.0 42 42.0 48 798.0 49 87.0 51 41.0 60 501.0 72 79.0 84 77.0 148 143.0 -1

i-020313162325-00106.ams
12 2980.0 23 259.0 24 2092.0 27 344.0 36 3987.0 37 1648.0 38 264.0 39 554.0 48 651.0 49 77.0 50 79.0 51 105.0 60 289.0 -1

i-020313162326-00107.ams
12 2175.0 23 36.0 24 744.0 -1

h-020313145230-00085.ams
-1

h-020313145231-00086.ams
12 320.0 23 3065.0 36 1493.0 39 4871.0 40 10013.0 41 938.0 42 542.0 43 430.0 44 515.0 64 861.0 -1

i-020313162326-00107.ams
24 39.0 36 2896.0 37 232.0 39 69.0 48 267.0 49 74.0 60 90.0 148 66.0 -1

i-020313162327-00108.ams
12 658.0 13 28.0 23 26.0 24 94.0 27 40.0 36 1582.0 37 171.0 38 29.0 39 108.0 48 231.0 49 57.0 50 61.0 51 27.0 -1

h-020313145231-00086.ams
-1

h-020313145233-00087.ams
23 1830.0 39 4135.0 40 1308.0 41 756.0 170 368.0 178 1923.0 179 309.0 184 168.0 -1

i-020313162327-00108.ams
60 110.0 61 27.0 145 26.0 159 29.0 527 32.0 -1

i-020313162329-00109.ams
27 51.0 36 26.0 39 75.0 40 29.0 41 28.0 42 86.0 43 260.0 52 27.0 57 249.0 60 29.0 63 41.0 65 26.0 69 27.0 71 26.0 72 41.0 74 30.0 75 26.0 77 31.0 78 29.0 85 49.0 -1

h-020313145233-00087.ams
191 567.0 192 1343.0 194 377.0 195 155.0 196 631.0 198 167.0 202 157.0 206 307.0 210 501.0 215 2482.0 217 256.0 228 195.0 230 133.0 -1

h-020313145234-00088.ams
23 193.0 -1

i-020313162329-00109.ams
89 26.0 99 26.0 114 26.0 117 26.0 118 29.0 136 28.0 159 28.0 177 27.0 188 26.0 196 28.0 216 43.0 219 26.0 234 68.0 235 29.0 244 29.0 247 31.0 248 28.0 263 66.0 273 26.0 284 39.0 290 27.0 303 26.0 336 26.0 359 28.0 -1

h-020313145234-00088.ams
23 107.0 39 623.0 77 89.0 152 256.0 163 100.0 165 102.0 176 201.0 178 283.0 187 87.0 188 99.0 189 1076.0 190 224.0 191 473.0 192 490.0 195 182.0 196 243.0 197 116.0 198 116.0 202 874.0 203 268.0 205 243.0 206 118.0 210 224.0 213 594.0 215 4125.0 217 484.0 220 88.0 226 99.0 -1

i-020313162329-00109.ams
-1

i-020313162335-00110.ams
27 66.0 29 125.0 30 49.0 39 92.0 41 54.0 42 77.0 43 211.0 50 28.0 51 67.0 55 47.0 57 301.0 66 27.0 71 61.0 72 67.0 73 27.0 77 29.0 85 26.0 86 35.0 115 29.0 -1

h-020313145234-00088.ams
230 262.0 -1

h-020313145234-00089.ams
12 720.0 15 226.0 24 339.0 27 1830.0 29 1294.0 36 1804.0 37 2199.0 38 1132.0 39 1271.0 41 988.0 42 232.0 -1

i-020313162335-00110.ams
134 30.0 141 26.0 149 28.0 170 26.0 176 26.0 178 27.0 182 26.0 189 32.0 195 62.0 200 47.0 215 75.0 219 26.0 226 26.0 227 27.0 228 71.0 230 154.0 254 26.0 -1

i-020313162337-00111.ams
27 1885.0 29 1673.0 37 521.0 38 542.0 39 1961.0 41 2150.0 42 226.0 43 6049.0 44 497.0 45 200.0 50 390.0 51 281.0 55 756.0 57 3808.0 -1

h-020313145234-00089.ams
43 1552.0 48 304.0 49 284.0 50 718.0 51 574.0 53 201.0 57 726.0 61 203.0 62 416.0 63 382.0 65 118.0 71 408.0 74 162.0 77 269.0 -1

h-020313145236-00090.ams
23 565.0 27 1333.0 29 671.0 36 273.0 37 782.0 38 549.0 39 1456.0 41 642.0 43 2260.0 45 147.0 50 392.0 51 410.0 -1

i-020313162337-00111.ams
58 721.0 59 174.0 63 212.0 65 217.0 69 666.0 71 2513.0 72 270.0 77 542.0 83 219.0 85 1085.0 105 440.0 149 845.0 -1

h-020313145236-00090.ams
55 762.0 56 350.0 57 2996.0 58 350.0 61 282.0 62 278.0 63 451.0 71 2104.0 72 587.0 73 212.0 74 343.0 77 314.0 85 1454.0 86 264.0 105 454.0 149 632.0 -1

i-020313162337-00111.ams
-1

i-020313162342-00112.ams
23 1159.0 27 51.0 39 2501.0 40 91.0 41 267.0 51 26.0 122 28.0 139 31.0 147 27.0 149 26.0 178 26.0 179 52.0 180 32.0 186 27.0 189 60.0 194 57.0 195 85.0 -1

h-020313145236-00090.ams
-1

h-020313145239-00091.ams
12 4640.0 23 3706.0 -1

i-020313162342-00112.ams
197 27.0 198 82.0 202 26.0 210 28.0 214 28.0 215 28.0 217 27.0 224 27.0 226 31.0 228 44.0 229 26.0 230 44.0 -1

i-020313162352-00113.ams
12 1090.0 23 167.0 24 385.0 36 2659.0 37 599.0 39 285.0 48 273.0 49 86.0 50 87.0 60 84.0 61 64.0 62 42.0 156 40.0 -1

i-020313162407-00114.ams
27 55.0 36 111.0 38 28.0 39 46.0 48 41.0 51 26.0 -1

h-020313145239-00091.ams
24 1000.0 26 120.0 27 375.0 36 6504.0 37 1370.0 39 990.0 40 1162.0 48 881.0 52 135.0 60 1045.0 -1

i-020313162407-00114.ams
60 125.0 72 26.0 134 30.0 152 28.0 160 28.0 -1

i-020313162408-00115.ams
12 591.0 23 950.0 27 1173.0 29 1005.0 36 1565.0 37 759.0 38 321.0 39 1254.0 40 192.0 41 976.0 43 2194.0 48 319.0 50 244.0 51 385.0 53 168.0 55 638.0 56 189.0 57 2063.0 58 182.0 60 240.0 61 197.0 62 136.0 63 257.0 71 1504.0 77 337.0 85 936.0 -1

h-020313145239-00091.ams
-1

h-020313145240-00092.ams
23 2267.0 39 4477.0 40 129.0 63 232.0 87 104.0 163 205.0 165 162.0 187 118.0 188 289.0 189 802.0 190 383.0 191 194.0 197 375.0 200 158.0 202 418.0 211 119.0 213 599.0 215 3106.0 217 378.0 -1

i-020313162408-00115.ams
105 146.0 149 809.0 -1

h-020313145240-00092.ams
-1

h-020313145240-00093.ams
23 1399.0 39 2832.0 40 342.0 41 808.0 43 836.0 55 452.0 57 441.0 63 178.0 77 323.0 -1

i-020313162408-00115.ams
-1

i-020313162411-00116.ams
12 1065.0 23 931.0 24 465.0 36 4522.0 37 1312.0 38 449.0 39 1736.0 43 243.0 48 3566.0 -1

h-020313145240-00093.ams
109 184.0 115 200.0 128 789.0 139 212.0 141 241.0 152 850.0 153 468.0 154 457.0 155 708.0 156 560.0 165 1278.0 166 585.0 167 589.0 168 264.0 169 952.0 170 814.0 176 339.0 178 1617.0 179 645.0 180 579.0 181 679.0 182 479.0 184 1062.0 196 486.0 -1

i-020313162411-00116.ams
49 407.0 51 380.0 60 4304.0 61 823.0 62 246.0 63 378.0 72 1688.0 84 1984.0 85 285.0 96 1006.0 108 792.0 120 978.0 132 1252.0 144 344.0 -1

h-020313145240-00093.ams
-1

h-020313145240-00094.ams
12 3834.0 24 2718.0 25 130.0 27 1017.0 29 203.0 36 6737.0 37 2080.0 38 439.0 39 250.0 48 2744.0 60 1644.0 72 156.0 -1

i-020313162411-00116.ams
-1

i-020313162421-00117.ams
27 128.0 37 58.0 43 29.0 62 29.0 85 32.0 117 30.0 128 28.0 165 28.0 -1

i-020313162426-00118.ams
23 737.0 39 2605.0 40 106.0 41 52.0 -1

h-020313145240-00094.ams
-1

h-020313145242-00095.ams
12 4779.0 13 406.0 24 3487.0 26 135.0 27 799.0 29 249.0 36 5879.0 37 1973.0 -1

i-020313162426-00118.ams
41 28.0 61 31.0 160 109.0 161 52.0 169 28.0 170 29.0 178 133.0 184 45.0 194 42.0 198 29.0 213 40.0 215 159.0 216 364.0 217 143.0 218 39.0 220 58.0 226 28.0 228 63.0 230 164.0 231 43.0 241 49.0 363 30.0 -1

i-020313162434-00119.ams
27 966.0 29 714.0 36 275.0 37 627.0 38 338.0 39 792.0 41 598.0 -1

h-020313145242-00095.ams
37 243.0 38 226.0 39 469.0 48 1039.0 60 389.0 -1

h-020313145242-00096.ams
12 3749.0 23 557.0 24 1953.0 27 802.0 29 344.0 36 6182.0 37 2779.0 38 466.0 -1

i-020313162434-00119.ams
42 222.0 43 1966.0 44 216.0 48 89.0 49 138.0 50 234.0 51 197.0 56 94.0 57 1838.0 60 89.0 62 91.0 63 151.0 65 191.0 69 139.0 71 643.0 77 285.0 84 81.0 85 507.0 86 107.0 105 123.0 149 338.0 -1

i-020313162446-00120.ams
23 625.0 39 1685.0 41 228.0 63 29.0 72 29.0 94 29.0 128 45.0 -1

h-020313145242-00096.ams
39 661.0 40 192.0 43 181.0 48 3186.0 49 193.0 60 2358.0 61 143.0 72 500.0 84 554.0 120 246.0 132 450.0 -1

i-020313162446-00120.ams
141 27.0 159 28.0 165 49.0 169 27.0 176 32.0 178 57.0 180 27.0 182 27.0 -1

i-020313162449-00121.ams
23 183.0 39 200.0 49 27.0 60 56.0 72 43.0 84 30.0 109 56.0 120 30.0 124 27.0 212 28.0 -1

i-020313162458-00122.ams
12 1191.0 24 387.0 25 43.0 27 42.0 36 2456.0 37 281.0 38 104.0 39 274.0 -1

h-020313145242-00096.ams
-1

h-020313145243-00097.ams
27 33.0 41 47.0 42 27.0 43 71.0 57 27.0 63 28.0 69 26.0 75 39.0 78 28.0 88 26.0 89 27.0 91 26.0 98 28.0 104 26.0 115 29.0 139 42.0 152 43.0 165 28.0 169 87.0 178 28.0 -1

i-020313162458-00122.ams
39 50.0 48 626.0 50 107.0 60 325.0 61 45.0 74 67.0 -1

i-020313162500-00123.ams
12 294.0 23 9017.0 24 475.0 36 1455.0 37 303.0 39 9375.0 40 2070.0 41 803.0 42 541.0 43 135.0 -1

h-020313145243-00097.ams
182 34.0 191 28.0 194 27.0 195 29.0 196 120.0 198 31.0 207 60.0 212 60.0 213 29.0 215 70.0 216 218.0 217 68.0 228 63.0 230 67.0 236 28.0 322 45.0 -1

h-020313145249-00098.ams
12 161.0 27 597.0 29 468.0 36 579.0 37 835.0 38 614.0 39 909.0 40 82.0 41 439.0 43 1351.0 45 86.0 -1

i-020313162500-00123.ams
-1

i-020313162505-00124.ams
12 4467.0 15 129.0 23 3497.0 24 1402.0 26 236.0 27 665.0 29 151.0 36 6742.0 37 1307.0 39 1209.0 48 1074.0 60 1334.0 61 446.0 72 202.0 84 288.0 132 307.0 -1

h-020313145249-00098.ams
48 167.0 49 231.0 50 418.0 51 528.0 55 112.0 57 621.0 60 372.0 61 347.0 62 317.0 63 357.0 65 125.0 71 432.0 73 132.0 74 322.0 75 188.0 77 264.0 85 291.0 86 147.0 87 141.0 115 93.0 149 173.0 150 84.0 -1

h-020313145249-00099.ams
23 3511.0 26 176.0 27 283.0 36 2404.0 37 937.0 -1

i-020313162505-00124.ams
-1

i-020313162509-00125.ams
23 1669.0 27 1153.0 29 1006.0 -1

h-020313145249-00099.ams
38 361.0 39 3837.0 40 3024.0 41 587.0 42 209.0 43 429.0 48 1141.0 50 444.0 51 434.0 60 2127.0 61 662.0 63 927.0 72 1113.0 73 189.0 74 260.0 75 182.0 84 1257.0 85 385.0 96 509.0 108 577.0 120 839.0 132 854.0 144 260.0 -1

i-020313162509-00125.ams
36 204.0 37 369.0 38 394.0 39 2205.0 41 1027.0 42 277.0 43 5237.0 44 578.0 50 397.0 55 1260.0 57 4717.0 58 838.0 60 238.0 69 728.0 71 2651.0 83 300.0 85 1276.0 105 499.0 149 760.0 -1

h-020313145249-00099.ams
-1

h-020313145250-00100.ams
23 1918.0 36 202.0 38 671.0 39 1767.0 40 16240.0 41 517.0 42 689.0 43 717.0 64 619.0 -1

i-020313162509-00125.ams
-1

h-020313145250-00100.ams
-1

h-020313145251-00101.ams
27 1190.0 29 1013.0 36 495.0 37 826.0 38 631.0 39 985.0 41 511.0 43 2505.0 48 168.0 50 456.0 51 565.0 53 101.0 55 206.0 57 1608.0 58 208.0 59 111.0 60 229.0 61 250.0 62 127.0 63 477.0 65 115.0 71 1034.0 77 304.0 85 601.0 -1

i-020313162509-00125.ams
-1