H 
1 0.999900 2 0.000100 -1
He 
4 1.000000 -1
Li 
6 0.075000 7 0.925000 -1
Be 
9 1.000000 -1
B 
10 0.199000 11 0.801000 -1
C 
12 0.988901 13 0.011099 -1
N 
14 0.996399 15 0.003601 -1
O 
16 0.997202 17 0.000799 18 0.001998 -1
F 
19 1.000000 -1
Ne 
20 0.905091 21 0.002700 22 0.092209 -1
Na 
23 1.000000 -1
Mg 
24 0.790000 25 0.100000 26 0.110000 -1
Al 
27 1.000000 -1
Si 
28 0.922277 29 0.046714 30 0.031009 -1
P 
31 1.000000 -1
S 
32 0.950190 33 0.007502 34 0.042108 36 0.000200 -1
Cl 
35 0.758000 37 0.242000 -1
Ar 
36 0.003400 38 0.000700 40 0.995900 -1
K 
39 0.932627 40 0.000100 41 0.067273 -1
Ca 
40 0.969359 42 0.006502 43 0.001401 44 0.020808 46 0.000030 48 0.001901 -1
Sc 
45 1.000000 -1
Ti 
46 0.080000 47 0.073000 48 0.738000 49 0.055000 50 0.054000 -1
V 
50 0.002501 51 0.997499 -1
Cr 
50 0.043496 52 0.837916 53 0.094991 54 0.023598 -1
Mn 
55 1.000000 -1
Fe 
54 0.058029 56 0.917459 57 0.021411 58 0.003102 -1
Co 
59 1.000000 -1
Ni 
58 0.677864 60 0.263947 61 0.011598 62 0.037093 64 0.009498 -1
Cu 
63 0.691000 65 0.309000 -1
Zn 
64 0.488902 66 0.277944 67 0.040992 68 0.185963 70 0.006199 -1
Ga 
69 0.601000 71 0.399000 -1
Ge 
70 0.207000 72 0.275000 73 0.077000 74 0.364000 76 0.077000 -1
As 
75 1.000000 -1
Se 
74 0.009018 76 0.090180 77 0.075150 78 0.235471 80 0.497996 82 0.092184 -1
Br 
79 0.507000 81 0.493000 -1
Kr 
78 0.003500 80 0.022500 82 0.116000 83 0.115000 84 0.570000 86 0.173000 -1
Rb 
85 0.722000 87 0.278000 -1
Sr 
84 0.005599 86 0.098580 87 0.069986 88 0.825835 -1
Y 
89 1.000000 -1
Zr 
90 0.514515 91 0.112112 92 0.171171 94 0.174174 96 0.028028 -1
Nb 
93 1.000000 -1
Mo 
92 0.148104 94 0.092565 95 0.159111 96 0.167117 97 0.095567 98 0.241169 100 0.096367 -1
Ru 
96 0.055145 98 0.018781 99 0.126873 100 0.125874 101 0.170829 102 0.315684 104 0.186813 -1
Rh 
103 1.000000 -1
Pb 
204 0.014000 206 0.241000 207 0.221000 208 0.524000 -1
Ag 
107 0.518000 109 0.482000 -1
Cd 
106 0.012002 108 0.008902 110 0.124025 111 0.128026 112 0.241048 113 0.123025 114 0.288058 116 0.074915 -1
In 
113 0.043000 115 0.957000 -1
Sn 
112 0.009705 114 0.006503 115 0.003502 116 0.144072 117 0.076838 118 0.241121 119 0.085843 120 0.328164 122 0.046323 124 0.057929 -1
Sb 
121 0.573000 123 0.427000 -1
Te 
120 0.000902 122 0.026047 123 0.008716 124 0.048287 125 0.071529 126 0.187337 128 0.318573 130 0.338609 -1
I 
127 1.000000 -1
Xe 
124 0.000999 126 0.000899 128 0.019081 129 0.263736 130 0.040959 131 0.211788 132 0.268731 134 0.104895 136 0.088911 -1
Cs 
133 1.000000 -1
Ba 
130 0.001098 132 0.000998 134 0.024159 135 0.065788 136 0.078367 137 0.111810 138 0.717780 -1
La 
138 0.000900 139 0.999100 -1
Ce 
136 0.001899 138 0.002599 140 0.884558 142 0.110945 -1
Pr 
141 1.000000 -1
Nd 
142 0.270729 143 0.121878 144 0.238761 145 0.082917 146 0.171828 148 0.057542 150 0.056344 -1
Sm 
144 0.031000 147 0.150000 148 0.112000 149 0.138000 150 0.074000 152 0.267000 154 0.228000 -1
Eu 
151 0.478000 153 0.522000 -1
Gd 
152 0.001996 154 0.021761 155 0.148732 156 0.205630 157 0.156718 158 0.246556 160 0.218607 -1
Tb 
159 1.000000 -1
Dy 
156 0.000600 158 0.001000 160 0.023400 161 0.189000 162 0.255000 163 0.249000 164 0.282000 -1
Ho 
165 1.000000 -1
Er 
162 0.001399 164 0.016092 166 0.335832 167 0.229885 168 0.267866 170 0.148926 -1
Tm 
169 1.000000 -1
Yb 
168 0.001299 170 0.030476 171 0.142886 172 0.218825 173 0.161871 174 0.317746 176 0.126898 -1
Lu 
175 0.974097 176 0.025903 -1
Hf 
174 0.001798 176 0.052053 177 0.185833 178 0.271755 179 0.137876 180 0.350684 -1
Ta 
180 0.000100 181 0.999900 -1
W 
180 0.001300 182 0.262921 183 0.142957 184 0.306908 186 0.285914 -1
Re 
185 0.374000 187 0.626000 -1
Os 
184 0.000200 186 0.015800 187 0.016000 188 0.133000 189 0.161000 190 0.264000 192 0.410000 -1
Ir 
191 0.374000 193 0.626000 -1
Pt 
190 0.000100 192 0.007798 194 0.328934 195 0.337932 196 0.252949 198 0.072286 -1
Au 
197 1.000000 -1
Hg 
196 0.001499 198 0.101898 199 0.168831 200 0.230769 201 0.131868 202 0.296703 204 0.068432 -1
Tl 
203 0.295000 205 0.705000 -1
Pb 
204 0.014000 206 0.241000 207 0.221000 208 0.524000 -1
Bi 
209 1.000000 -1
Th 
232 1.000000 -1
U 
234 0.000060 235 0.007198 238 0.992742 -1
H2O 
18 0.997003 19 0.000999 20 0.001998 21 0.000000 22 0.000000 -1
CH3 
15 0.988604 16 0.011392 17 0.000003 18 0.000000 19 0.000000 -1
C2 
24 0.977925 25 0.021951 26 0.000123 -1
C2H2 
26 0.977730 27 0.022143 28 0.000128 29 0.000000 30 0.000000 -1
NH3 
17 0.996099 18 0.003899 19 0.000001 20 0.000000 21 0.000000 -1
NH4 
18 0.996000 19 0.003999 20 0.000002 21 0.000000 22 0.000000 23 0.000000 -1
H3O 
19 0.996903 20 0.001098 21 0.001998 22 0.000001 23 0.000000 24 0.000000 -1
C2H3 
27 0.977632 28 0.022238 29 0.000130 30 0.000000 31 0.000000 32 0.000000 -1
C2H4 
28 0.977534 29 0.022334 30 0.000132 31 0.000000 32 0.000000 33 0.000000 34 0.000000 -1
C2H5 
29 0.977436 30 0.022430 31 0.000134 32 0.000000 33 0.000000 34 0.000000 35 0.000000 36 0.000000 -1
C2H6 
30 0.977338 31 0.022525 32 0.000136 33 0.000000 34 0.000000 35 0.000000 36 0.000000 37 0.000000 38 0.000000 -1
C3 
36 0.967072 37 0.032562 38 0.000365 39 0.000001 -1
C3H 
37 0.966975 38 0.032655 39 0.000369 40 0.000001 41 0.000000 -1
C3H2 
38 0.966878 39 0.032749 40 0.000372 41 0.000001 42 0.000000 43 0.000000 -1
C3H3 
39 0.966781 40 0.032842 41 0.000375 42 0.000001 43 0.000000 44 0.000000 45 0.000000 -1
C3H4 
40 0.966684 41 0.032936 42 0.000378 43 0.000002 44 0.000000 45 0.000000 46 0.000000 47 0.000000 -1
C3H5 
41 0.966588 42 0.033029 43 0.000382 44 0.000002 45 0.000000 46 0.000000 47 0.000000 48 0.000000 49 0.000000 -1
C3H6 
42 0.966491 43 0.033123 44 0.000385 45 0.000002 46 0.000000 47 0.000000 48 0.000000 49 0.000000 50 0.000000 51 0.000000 -1
C3H7 
43 0.966394 44 0.033216 45 0.000388 46 0.000002 47 0.000000 48 0.000000 49 0.000000 50 0.000000 51 0.000000 52 0.000000 53 0.000000 -1
C4 
48 0.956338 49 0.042934 50 0.000723 51 0.000005 52 0.000000 -1
C4H 
49 0.956242 50 0.043025 51 0.000727 52 0.000005 53 0.000000 54 0.000000 -1
C4H2 
50 0.956147 51 0.043117 52 0.000731 53 0.000006 54 0.000000 55 0.000000 56 0.000000 -1
C4H3 
51 0.956051 52 0.043208 53 0.000735 54 0.000006 55 0.000000 56 0.000000 57 0.000000 58 0.000000 -1
C4H4 
52 0.955955 53 0.043299 54 0.000740 55 0.000006 56 0.000000 57 0.000000 58 0.000000 59 0.000000 60 0.000000 -1
C4H5 
53 0.955860 54 0.043391 55 0.000744 56 0.000006 57 0.000000 58 0.000000 59 0.000000 60 0.000000 61 0.000000 62 0.000000 -1
C4H6 
54 0.955764 55 0.043482 56 0.000748 57 0.000006 58 0.000000 59 0.000000 60 0.000000 61 0.000000 62 0.000000 63 0.000000 64 0.000000 -1
C4H7 
55 0.955668 56 0.043573 57 0.000753 58 0.000006 59 0.000000 60 0.000000 61 0.000000 62 0.000000 63 0.000000 64 0.000000 65 0.000000 66 0.000000 -1
C4H8 
56 0.955573 57 0.043665 58 0.000757 59 0.000006 60 0.000000 61 0.000000 62 0.000000 63 0.000000 64 0.000000 65 0.000000 66 0.000000 67 0.000000 68 0.000000 -1
C4H9 
57 0.955477 58 0.043756 59 0.000761 60 0.000006 61 0.000000 62 0.000000 63 0.000000 64 0.000000 65 0.000000 66 0.000000 67 0.000000 68 0.000000 69 0.000000 70 0.000000 -1
C4H10 
58 0.955381 59 0.043847 60 0.000765 61 0.000006 62 0.000000 63 0.000000 64 0.000000 65 0.000000 66 0.000000 67 0.000000 68 0.000000 69 0.000000 70 0.000000 71 0.000000 72 0.000000 -1
C5 
60 0.945724 61 0.053071 62 0.001191 63 0.000013 64 0.000000 65 0.000000 -1
C5H 
61 0.945629 62 0.053161 63 0.001196 64 0.000013 65 0.000000 66 0.000000 67 0.000000 -1
C5H2 
62 0.945535 63 0.053250 64 0.001202 65 0.000014 66 0.000000 67 0.000000 68 0.000000 69 0.000000 -1
C5H3 
63 0.945440 64 0.053339 65 0.001207 66 0.000014 67 0.000000 68 0.000000 69 0.000000 70 0.000000 71 0.000000 -1
C5H4 
64 0.945345 65 0.053429 66 0.001212 67 0.000014 68 0.000000 69 0.000000 70 0.000000 71 0.000000 72 0.000000 73 0.000000 -1
C5H5 
65 0.945251 66 0.053518 67 0.001217 68 0.000014 69 0.000000 70 0.000000 71 0.000000 72 0.000000 73 0.000000 74 0.000000 75 0.000000 -1
C5H6 
66 0.945156 67 0.053607 68 0.001223 69 0.000014 70 0.000000 71 0.000000 72 0.000000 73 0.000000 74 0.000000 75 0.000000 76 0.000000 77 0.000000 -1
C5H7 
67 0.945061 68 0.053696 69 0.001228 70 0.000014 71 0.000000 72 0.000000 73 0.000000 74 0.000000 75 0.000000 76 0.000000 77 0.000000 78 0.000000 79 0.000000 -1
C6 
72 0.935227 73 0.062979 74 0.001767 75 0.000026 76 0.000000 77 0.000000 78 0.000000 -1
CO 
28 0.986134 29 0.011858 30 0.001985 31 0.000022 -1
NO 
30 0.993611 31 0.004388 32 0.001994 33 0.000007 -1
NH4NH3 
35 0.992115 36 0.007867 37 0.000018 38 0.000000 39 0.000000 40 0.000000 41 0.000000 42 0.000000 43 0.000000 44 0.000000 -1
NH4H2O 
36 0.993014 37 0.004982 38 0.001996 39 0.000008 40 0.000000 41 0.000000 42 0.000000 43 0.000000 44 0.000000 45 0.000000 -1
AlOH 
44 0.997102 45 0.000899 46 0.001998 47 0.000000 -1
NO2 
46 0.990831 47 0.005170 48 0.003978 49 0.000018 50 0.000004 51 0.000000 -1
VO 
66 0.002494 67 0.994710 68 0.000802 69 0.001993 -1
FeO 
70 0.057867 71 0.000046 72 0.915008 73 0.022084 74 0.004943 75 0.000045 76 0.000006 -1
FeOH 
71 0.057861 72 0.000052 73 0.914916 74 0.022174 75 0.004945 76 0.000046 77 0.000006 78 0.000000 -1
CaO 
56 0.966647 57 0.000775 58 0.008421 59 0.001402 60 0.020764 61 0.000019 62 0.000072 63 0.000000 64 0.001895 65 0.000002 66 0.000004 -1
CaOH 
57 0.966550 58 0.000872 59 0.008421 60 0.001403 61 0.020762 62 0.000022 63 0.000072 64 0.000000 65 0.001895 66 0.000002 67 0.000004 68 0.000000 -1
Na2O 
62 0.997202 63 0.000799 64 0.001998 -1
Na2OH 
63 0.997102 64 0.000899 65 0.001998 66 0.000000 -1
Al2O 
70 0.997202 71 0.000799 72 0.001998 -1
CaCl 
75 0.734774 77 0.239514 78 0.001062 79 0.017346 80 0.000339 81 0.005058 83 0.001448 85 0.000460 -1
PO3 
79 0.991630 80 0.002385 81 0.005964 82 0.000010 83 0.000012 84 0.000000 85 0.000000 -1
TiO2 
78 0.079553 79 0.072720 80 0.734312 81 0.056160 82 0.056728 83 0.000308 84 0.000218 85 0.000000 86 0.000000 -1
CuOH 
80 0.688998 81 0.000621 82 0.309485 83 0.000278 84 0.000617 85 0.000000 -1
CuOH2 
81 0.688929 82 0.000690 83 0.309455 84 0.000309 85 0.000617 86 0.000000 87 0.000000 -1
Na2Cl 
81 0.758000 83 0.242000 -1
VO2 
82 0.002487 83 0.991929 84 0.001600 85 0.003976 86 0.000003 87 0.000004 -1
NaNO3 
85 0.988059 86 0.005947 87 0.005951 88 0.000031 89 0.000012 90 0.000000 91 0.000000 92 0.000000 -1
CaNO2 
86 0.960471 87 0.005011 88 0.010299 89 0.001438 90 0.020654 91 0.000113 92 0.000113 93 0.000001 94 0.001883 95 0.000010 96 0.000008 97 0.000000 98 0.000000 99 0.000000 -1
FeO2 
86 0.057705 87 0.000093 88 0.912564 89 0.022754 90 0.006776 91 0.000093 92 0.000016 93 0.000000 94 0.000000 -1
TiO2 
78 0.079553 79 0.072720 80 0.734312 81 0.056160 82 0.056728 83 0.000308 84 0.000218 85 0.000000 86 0.000000 -1
Na2NO2 
92 0.990831 93 0.005170 94 0.003978 95 0.000018 96 0.000004 97 0.000000 -1
Ca2O 
96 0.937027 97 0.000751 98 0.014449 99 0.002718 100 0.040297 101 0.000056 102 0.000411 103 0.000058 104 0.004107 105 0.000003 106 0.000034 107 0.000005 108 0.000079 109 0.000000 110 0.000000 111 0.000000 112 0.000004 113 0.000000 114 0.000000 -1
H3PO4 
98 0.988559 99 0.003467 100 0.007929 101 0.000021 102 0.000024 103 0.000000 104 0.000000 105 0.000000 106 0.000000 107 0.000000 108 0.000000 109 0.000000 -1
KNO3 
101 0.921490 102 0.005645 103 0.072020 104 0.000430 105 0.000411 106 0.000002 107 0.000001 108 0.000000 109 0.000000 110 0.000000 -1
CaNO3 
102 0.957783 103 0.005765 104 0.012193 105 0.001453 106 0.020618 107 0.000132 108 0.000154 109 0.000001 110 0.001878 111 0.000011 112 0.000011 113 0.000000 114 0.000000 115 0.000000 116 0.000000 117 0.000000 -1
Na2NO3 
108 0.988059 109 0.005947 110 0.005951 111 0.000031 112 0.000012 113 0.000000 114 0.000000 115 0.000000 -1
Na2SO2 
110 0.944881 111 0.008974 112 0.045673 113 0.000100 114 0.000371 115 0.000000 116 0.000001 117 0.000000 118 0.000000 -1
K2Cl 
113 0.659303 114 0.000141 115 0.305605 116 0.000055 117 0.033797 118 0.000003 119 0.001095 -1
mOO 
108 0.147689 109 0.000118 110 0.092602 111 0.158740 112 0.166962 113 0.095751 114 0.240904 115 0.000384 116 0.096580 117 0.000077 118 0.000193 -1
K2Cl 
148 0.499752 149 0.000107 150 0.391200 151 0.000076 152 0.099574 153 0.000016 154 0.009009 155 0.000001 156 0.000265 -1
Cu2 
126 0.477481 128 0.427038 130 0.095481 -1
K2NO3 
140 0.859407 141 0.005357 142 0.129160 143 0.000788 144 0.005229 145 0.000031 146 0.000028 147 0.000000 148 0.000000 149 0.000000 150 0.000000 151 0.000000 -1
Na3S 
101 0.950190 102 0.007502 103 0.042108 105 0.000200 -1
SrO 
100 0.005583 101 0.000004 102 0.098316 103 0.069869 104 0.823777 105 0.000800 106 0.001650 -1
(CaO)2 
112 0.934406 113 0.001498 114 0.016282 115 0.002723 116 0.040215 117 0.000093 118 0.000490 119 0.000059 120 0.004097 121 0.000007 122 0.000042 123 0.000005 124 0.000079 125 0.000000 126 0.000000 127 0.000000 128 0.000004 129 0.000000 130 0.000000 131 0.000000 132 0.000000 -1
CaO2H 
73 0.963846 74 0.001642 75 0.010329 76 0.001407 77 0.020722 78 0.000041 79 0.000113 80 0.000000 81 0.001890 82 0.000003 83 0.000008 84 0.000000 85 0.000000 86 0.000000 -1
(TiO)2 
124 0.006364 125 0.011625 126 0.122764 127 0.116140 128 0.558855 129 0.089926 130 0.084647 131 0.006396 132 0.003241 133 0.000029 134 0.000012 135 0.000000 136 0.000000 -1
(TiO)2H 
125 0.006364 126 0.011624 127 0.122752 128 0.116141 129 0.558811 130 0.089973 131 0.084648 132 0.006404 133 0.003242 134 0.000029 135 0.000012 136 0.000000 137 0.000000 138 0.000000 -1
Si3Al2 
138 0.784483 139 0.119204 140 0.085167 141 0.008118 142 0.002864 143 0.000135 144 0.000030 -1
Na2NO5 
140 0.982538 141 0.007489 142 0.009866 143 0.000067 144 0.000040 145 0.000000 146 0.000000 147 0.000000 148 0.000000 149 0.000000 150 0.000000 151 0.000000 -1
Na2HSO4 
143 0.939507 144 0.010524 145 0.049195 146 0.000216 147 0.000555 148 0.000002 149 0.000003 150 0.000000 151 0.000000 152 0.000000 153 0.000000 154 0.000000 155 0.000000 156 0.000000 -1
C7 
84 0.924847 85 0.072660 86 0.002446 87 0.000046 88 0.000001 89 0.000000 90 0.000000 91 0.000000 -1
C8 
96 0.914583 97 0.082118 98 0.003226 99 0.000072 100 0.000001 101 0.000000 102 0.000000 103 0.000000 104 0.000000 -1
C9 
108 0.904432 109 0.091358 110 0.004101 111 0.000107 112 0.000002 113 0.000000 114 0.000000 115 0.000000 116 0.000000 117 0.000000 -1
C10 
120 0.894394 121 0.100382 122 0.005070 123 0.000152 124 0.000003 125 0.000000 126 0.000000 127 0.000000 128 0.000000 129 0.000000 130 0.000000 -1
C11 
132 0.884467 133 0.109195 134 0.006128 135 0.000206 136 0.000005 137 0.000000 138 0.000000 139 0.000000 140 0.000000 141 0.000000 142 0.000000 143 0.000000 -1
C12 
144 0.874650 145 0.117799 146 0.007272 147 0.000272 148 0.000007 149 0.000000 150 0.000000 151 0.000000 152 0.000000 153 0.000000 154 0.000000 155 0.000000 156 0.000000 -1
C13 
156 0.864942 157 0.126199 158 0.008498 159 0.000350 160 0.000010 161 0.000000 162 0.000000 163 0.000000 164 0.000000 165 0.000000 166 0.000000 167 0.000000 168 0.000000 169 0.000000 -1
C14 
168 0.855343 169 0.134399 170 0.009805 171 0.000440 172 0.000014 173 0.000000 174 0.000000 175 0.000000 176 0.000000 177 0.000000 178 0.000000 179 0.000000 180 0.000000 181 0.000000 182 0.000000 -1
C15 
180 0.845849 181 0.142400 182 0.011188 183 0.000544 184 0.000018 185 0.000000 186 0.000000 187 0.000000 188 0.000000 189 0.000000 190 0.000000 191 0.000000 192 0.000000 193 0.000000 194 0.000000 195 0.000000 -1
BaO 
146 0.001095 147 0.000001 148 0.000998 149 0.000001 150 0.024093 151 0.065623 152 0.078248 153 0.111691 154 0.716018 155 0.000797 156 0.001434 -1
BaOH 
147 0.001095 148 0.000001 149 0.000998 150 0.000001 151 0.024091 152 0.065619 153 0.078247 154 0.111688 155 0.715957 156 0.000869 157 0.001434 158 0.000000 -1
Na3SO4 
165 0.939601 166 0.010431 167 0.049198 168 0.000211 169 0.000555 170 0.000002 171 0.000003 172 0.000000 173 0.000000 174 0.000000 175 0.000000 176 0.000000 177 0.000000 -1
(CaO)3 
168 0.903240 169 0.002172 170 0.023609 171 0.003967 172 0.058417 173 0.000216 174 0.001221 175 0.000171 176 0.006572 177 0.000018 178 0.000123 179 0.000017 180 0.000238 181 0.000001 182 0.000003 183 0.000000 184 0.000013 185 0.000000 186 0.000000 187 0.000000 188 0.000000 189 0.000000 190 0.000000 191 0.000000 192 0.000000 193 0.000000 194 0.000000 195 0.000000 196 0.000000 197 0.000000 198 0.000000 -1
(CaO)3H 
169 0.903150 170 0.002262 171 0.023607 172 0.003969 173 0.058411 174 0.000222 175 0.001221 176 0.000171 177 0.006571 178 0.000019 179 0.000123 180 0.000017 181 0.000238 182 0.000001 183 0.000003 184 0.000000 185 0.000013 186 0.000000 187 0.000000 188 0.000000 189 0.000000 190 0.000000 191 0.000000 192 0.000000 193 0.000000 194 0.000000 195 0.000000 196 0.000000 197 0.000000 198 0.000000 199 0.000000 200 0.000000 -1
K2HSO4 
175 0.817177 176 0.009329 177 0.160682 178 0.001530 179 0.010907 180 0.000077 181 0.000295 182 0.000001 183 0.000003 184 0.000000 185 0.000000 186 0.000000 187 0.000000 188 0.000000 189 0.000000 190 0.000000 191 0.000000 192 0.000000 -1
WO 
196 0.001296 197 0.000001 198 0.262188 199 0.142767 200 0.306689 201 0.000531 202 0.285728 203 0.000229 204 0.000571 -1
BaFeO 
200 0.000064 201 0.000000 202 0.001063 203 0.000024 204 0.002317 205 0.003830 206 0.026648 207 0.067204 208 0.114819 209 0.104397 210 0.659634 211 0.016408 212 0.003554 213 0.000033 214 0.000004 -1
PtO 
206 0.000100 207 0.000000 208 0.007777 209 0.000006 210 0.328030 211 0.337250 212 0.253169 213 0.000878 214 0.072589 215 0.000058 216 0.000144 -1
K3SO4 
213 0.762197 214 0.008706 215 0.204851 216 0.002050 217 0.020984 218 0.000174 219 0.001009 220 0.000006 221 0.000022 222 0.000000 223 0.000000 224 0.000000 225 0.000000 226 0.000000 227 0.000000 228 0.000000 229 0.000000 230 0.000000 231 0.000000 -1
HgO 
212 0.001494 213 0.000001 214 0.101616 215 0.168440 216 0.230462 217 0.132021 218 0.296440 219 0.000501 220 0.068833 221 0.000055 222 0.000137 -1
PbO 
220 0.013961 221 0.000011 222 0.240354 223 0.220574 224 0.523192 225 0.000861 226 0.001047 -1
BaFeO2 
216 0.000063 217 0.000000 218 0.001060 219 0.000025 220 0.002313 221 0.003821 222 0.026582 223 0.067045 224 0.114605 225 0.104331 226 0.658101 227 0.017098 228 0.004875 229 0.000069 230 0.000012 231 0.000000 232 0.000000 -1
Na3SO3 
149 0.942237 150 0.009705 151 0.047440 152 0.000154 153 0.000461 154 0.000001 155 0.000002 156 0.000000 157 0.000000 158 0.000000 159 0.000000 -1
Na3SO5 
181 0.936972 182 0.011153 183 0.050947 184 0.000271 185 0.000651 186 0.000003 187 0.000004 188 0.000000 189 0.000000 190 0.000000 191 0.000000 192 0.000000 193 0.000000 194 0.000000 195 0.000000 -1
Na3SO4 
165 0.939601 166 0.010431 167 0.049198 168 0.000211 169 0.000555 170 0.000002 171 0.000003 172 0.000000 173 0.000000 174 0.000000 175 0.000000 176 0.000000 177 0.000000 -1
Na2NO7 
172 0.977048 173 0.009014 174 0.013739 175 0.000116 176 0.000083 177 0.000001 178 0.000000 179 0.000000 180 0.000000 181 0.000000 182 0.000000 183 0.000000 184 0.000000 185 0.000000 186 0.000000 187 0.000000 -1
(CaO)4 
224 0.873114 225 0.002800 226 0.030429 227 0.005138 228 0.075428 229 0.000384 230 0.002233 231 0.000333 232 0.009290 233 0.000037 234 0.000252 235 0.000037 236 0.000478 237 0.000002 238 0.000011 239 0.000001 240 0.000030 241 0.000000 242 0.000001 243 0.000000 244 0.000001 245 0.000000 246 0.000000 247 0.000000 248 0.000000 249 0.000000 250 0.000000 251 0.000000 252 0.000000 253 0.000000 254 0.000000 255 0.000000 256 0.000000 257 0.000000 258 0.000000 259 0.000000 260 0.000000 261 0.000000 262 0.000000 263 0.000000 264 0.000000 -1
(CaO)4H 
225 0.873027 226 0.002887 227 0.030427 228 0.005140 229 0.075421 230 0.000391 231 0.002233 232 0.000333 233 0.009289 234 0.000038 235 0.000252 236 0.000037 237 0.000478 238 0.000002 239 0.000011 240 0.000001 241 0.000030 242 0.000000 243 0.000001 244 0.000000 245 0.000001 246 0.000000 247 0.000000 248 0.000000 249 0.000000 250 0.000000 251 0.000000 252 0.000000 253 0.000000 254 0.000000 255 0.000000 256 0.000000 257 0.000000 258 0.000000 259 0.000000 260 0.000000 261 0.000000 262 0.000000 263 0.000000 264 0.000000 265 0.000000 266 0.000000 -1
